253 297
266 17
289.0 16.51
290.39 22.67
319.34 16.21
328.15 39.33
326.64 45.2
372.66 58.31
362.55 105.66
317.05 99.14
311.77 102.44
305.43 95.83
294.64 99.3
279.5 61.91
237.56 74.12
221.98 34.78
238.1 26.48
231.62 9.35
193.81 21.06
193.1 29.67
184.75 29.67
181.66 19.87
148.24 25.27
147.39 47.11
125.63 48.87
121.6 52.79
150.97 84.44
182.19 56.78
156.51 27.63
186.95 -4.91
155.69 -38.2
180.05 -64.68
195.25 -55.62
190.1 -41.1
210.21 -31.25
230.0 -70.97
195.7 -90.67
178.18 -67.83
199.17 -49.7
217.59 -70.81
257.8 -41.59
274.95 -62.44
295.85 -45.51
314.36 -67.27
330.49 -57.67
338.08 -67.68
319.95 -85.62
345.26 -112.14
381.05 -78.62
352.09 -47.16
327.0 -68.7
331.1 -78.43
323.12 -86.76
312.7 -81.37
303.26 -99.36
268.71 -86.63
279.49 -49.98
265.37 -44.11
255.74 -64.45
290.81 -82.64
292.59 -81.19
282.37 -65.0
273.68 -65.42
272.12 -70.4
304.7 -84.21
324.32 -41.31
367.72 -57.03
388.5 -13.59
358.56 1.34
353.74 -0.34
340.32 35.86
378.97 53.45
384.59 48.11
352.42 13.79
348.97 12.96
350.31 -7.65
324.33 -9.65
321.72 23.22
335.65 28.91
324.31 60.97
333.56 69.25
339.26 63.39
361.92 81.75
382.02 63.01
400.36 80.39
411.63 69.4
444.2 98.3
459.42 83.02
485.92 104.34
478.17 120.42
448.93 110.63
455.33 86.42
413.86 70.37
414.17 68.76
422.83 66.91
430.55 92.96
400.62 103.33
404.53 121.16
357.61 133.81
341.87 91.59
348.88 86.44
361.27 101.89
360.99 103.9
403.09 112.07
406.12 97.16
450.85 103.07
449.92 126.81
417.99 130.49
423.04 176.84
394.29 181.85
395.17 202.82
351.25 206.23
352.55 244.09
339.7 248.77
326.62 218.47
352.41 202.37
378.81 236.13
357.2 253.84
334.22 229.11
362.32 198.22
366.37 201.6
353.16 222.72
344.61 217.57
320.7 250.37
307.28 241.95
317.78 215.93
306.85 206.39
279.34 230.75
285.25 240.0
285.96 244.73
259.96 251.68
244.52 207.18
274.13 195.92
272.1 181.11
255.53 181.83
251.21 138.03
201.11 139.08
199.94 167.09
158.36 167.4
156.72 167.67
159.33 186.31
194.97 186.22
199.47 165.06
228.7 168.17
236.51 123.7
245.2 124.63
248.73 94.99
214.73 87.28
217.49 56.95
172.03 48.13
162.64 71.58
196.44 90.1
219.57 57.99
248.42 77.76
263.12 65.06
275.94 72.37
290.37 56.08
303.71 64.28
329.55 25.62
368.79 50.38
373.2 45.36
410.8 74.08
417.88 71.21
420.29 73.63
422.67 72.02
410.86 45.86
405.02 43.94
416.98 -1.93
415.36 -3.24
428.1 -26.68
423.47 -33.43
450.92 -52.37
461.4 -45.28
452.4 -29.46
447.17 -32.37
423.54 0.53
398.25 -16.51
410.74 -43.19
415.17 -43.39
415.31 -45.19
368.18 -50.64
370.73 -74.18
349.22 -80.81
358.78 -115.63
389.84 -108.75
400.42 -135.09
422.97 -129.74
416.81 -89.31
417.79 -85.27
410.72 -81.08
402.22 -90.58
376.94 -67.98
362.48 -78.28
357.21 -78.67
351.87 -64.44
319.78 -72.33
308.31 -35.77
275.36 -44.15
265.79 -24.22
227.63 -42.24
230.3 -51.52
205.48 -59.17
207.68 -69.54
181.2 -77.57
172.32 -58.17
178.23 -53.17
164.1 -30.24
171.78 -20.53
204.04 -42.54
200.63 -48.79
161.33 -32.67
145.44 -63.29
105.02 -43.13
105.51 -36.37
80.61 -30.5
84.63 -4.41
48.69 3.98
48.21 2.42
52.97 0.81
43.74 -33.92
79.03 -45.69
80.58 -53.96
114.82 -51.98
118.09 -90.98
90.09 -94.21
82.89 -67.12
124.36 -54.86
114.19 -18.69
108.68 -17.79
106.46 -2.56
154.59 4.86
149.51 46.43
193.81 56.23
199.43 31.02
213.25 31.64
218.96 -13.94
197.27 -19.12
191.3 -2.82
144.35 -15.74
139.14 -13.31
159.45 32.28
136.21 45.83
129.46 42.79
128.94 32.53
149.68 27.25
152.64 25.16
127.05 -15.48
92.61 2.36
94.72 8.66
55.34 26.54
59.17 40.86
76.84 40.42
78.86 68.42
82.01 68.27
84.01 41.03
101.6 41.13
104.53 80.73
100.53 83.53
119.11 113.29
103.82 127.96
113.68 142.27
82.35 167.71
92.24 186.17
84.99 194.61
53.82 172.2
36.8 187.66
34.36 188.5
41.76 212.58
62.57 207.54
63.65 193.53
63.55 192.28
109.42 183.84
120.17 223.74
155.56 216.47
162.82 237.3
137.39 247.53
119.04 208.32
79.72 224.24
62.36 184.59
85.54 170.72
76.52 147.25
105.02 134.85
122.82 172.94
128.44 175.16
133.72 162.91
116.94 151.79
96.74 177.81
120.7 197.11
111.63 212.05
110.2 215.01
111.77 216.43
132.76 200.22
128.62 186.78
109.08 191.12
102.54 174.01
79.94 182.03
75.57 183.73
86.82 226.07
135.04 217.92
139.75 238.96
92.84 253.91
90.49 256.15
104.98 275.95
107.45 279.99
71.64 302.38
83.89 328.21
60.77 340.7
47.53 325.07
34.17 333.68
19.05 312.73
-4.15 323.93
-22.67 297.05
-20.24 293.87
15.75 317.9
13.2 328.78
56.58 338.97
57.8 353.77
42.93 359.48
53.15 398.44
37.0 405.75
33.53 401.55
54.85 383.51
56.4 380.21
21.57 360.2
5.77 383.36
34.44 408.3
46.87 395.63
50.46 394.2
57.7 406.34
22.43 432.11
12.6 423.29
-3.25 438.45
-39.31 407.61
-17.08 378.95
-34.58 360.75
-42.48 365.67
-53.87 351.24
-41.36 335.87
-6.47 362.97
6.2 347.37
39.67 369.49
64.58 336.15
78.74 342.71
84.95 336.28
56.37 301.75
54.22 302.31
51.81 296.16
61.57 291.21
78.14 316.56
73.91 322.81
68.53 325.1
87.13 369.75
111.25 362.87
111.78 353.2
137.1 351.11
139.67 346.84
160.61 354.97
161.85 354.52
175.67 388.95
134.4 408.48
116.76 377.84
112.33 376.81
118.07 338.88
98.84 334.44
89.65 369.09
53.4 360.02
52.35 345.66
51.45 342.15
20.43 348.01
16.37 353.38
15.1 356.51
33.53 366.09
36.04 362.61
47.65 369.98
61.83 350.15
91.83 370.81
112.01 349.01
95.22 326.88
93.0 322.68
76.62 327.05
81.37 361.42
118.18 358.62
118.97 368.6
103.05 374.37
91.72 349.26
135.94 326.68
137.96 320.6
120.22 309.7
139.88 274.05
161.4 282.85
147.49 322.76
140.15 324.85
139.23 339.1
186.64 347.12
196.25 302.7
177.06 295.92
180.52 276.52
219.59 282.43
214.81 322.16
189.8 320.54
187.19 312.38
192.34 307.91
171.05 282.95
150.63 299.98
136.81 283.43
155.52 265.2
177.31 286.45
199.11 268.28
194.66 260.71
182.47 265.51
171.09 241.42
140.73 252.87
128.71 234.24
107.14 244.64
98.06 230.93
111.37 220.01
135.09 244.39
140.56 241.69
134.88 221.29
130.56 217.79
121.69 221.27
121.52 228.47
160.43 232.46
160.39 259.2
169.06 263.27
166.73 278.14
188.76 284.78
196.24 266.5
218.63 274.94
225.32 263.5
215.06 253.12
182.27 284.69
171.46 280.08
165.22 285.15
161.63 281.31
150.18 289.77
121.7 255.27
115.55 258.5
136.05 301.57
171.18 289.09
172.08 277.88
145.91 275.71
140.46 298.9
187.06 314.35
181.4 344.5
136.88 339.43
135.7 338.95
146.29 302.18
133.09 293.79
127.9 293.38
125.68 268.8
112.05 269.82
108.88 233.41
121.23 229.39
109.64 181.69
98.56 183.81
96.71 195.51
144.51 206.17
142.31 234.29
122.51 235.61
117.62 233.3
93.54 273.53
116.92 290.86
118.27 291.1
124.8 276.86
108.19 264.58
107.0 260.19
126.82 249.87
140.24 274.21
99.91 298.82
84.88 277.03
114.38 256.46
140.59 287.6
107.84 317.81
76.67 284.16
108.11 252.75
132.74 277.36
130.93 281.16
88.05 261.35
99.33 233.13
104.24 232.5
104.21 231.43
141.55 227.22
147.2 240.71
144.77 241.83
129.75 212.28
135.39 205.72
151.95 215.19
141.7 235.59
115.9 223.39
125.21 194.59
89.21 182.7
95.25 158.5
67.76 149.46
48.62 194.07
49.42 199.24
91.78 193.72
89.54 145.76
131.35 140.66
128.33 104.36
147.11 101.57
143.34 69.61
132.36 68.57
129.75 60.35
82.46 70.54
91.08 111.87
72.24 117.01
59.22 87.1
15.64 105.82
23.4 128.34
32.7 125.93
42.08 152.16
66.7 144.18
84.98 189.97
67.84 198.27
77.85 229.89
70.68 235.76
76.58 247.04
57.99 257.08
43.3 239.03
18.46 255.07
-5.8 223.71
-14.38 224.64
-20.49 202.48
-4.61 197.01
-18.2 154.4
-60.8 166.58
-65.13 155.16
-60.57 149.12
-72.52 134.85
-61.55 121.66
-68.51 109.61
-70.7 106.89
-43.14 82.68
-32.13 91.79
-53.27 120.83
-30.76 141.05
-33.95 151.09
-54.93 145.66
-64.05 180.45
-38.41 188.23
-45.66 220.18
-92.04 212.23
-99.97 255.52
-130.56 250.15
-133.42 261.09
-180.73 252.1
-177.03 220.56
-155.82 222.24
-151.39 196.39
-160.6 191.26
-178.66 218.42
-209.01 202.14
-223.18 220.7
-221.05 223.51
-253.12 252.14
-253.11 255.29
-268.96 256.52
-269.58 260.48
-254.04 267.43
-264.93 297.65
-260.61 303.12
-225.86 279.75
-211.32 300.24
-202.09 297.81
-201.11 287.18
-178.07 287.53
-173.72 258.03
-176.03 254.55
-168.48 245.78
-202.29 214.66
-184.57 190.53
-221.58 159.53
-240.28 181.81
-212.1 209.21
-192.45 192.52
-166.66 220.84
-147.09 207.65
-121.78 242.91
-120.74 245.16
-114.15 242.26
-101.17 264.23
-71.67 250.49
-74.61 238.06
-98.19 239.79
-102.12 241.11
-104.67 243.19
-80.81 277.95
-64.89 268.22
-61.38 272.68
-19.72 246.0
-1.93 267.94
6.98 261.02
23.47 281.17
48.2 264.1
52.17 268.43
84.57 238.74
97.98 252.88
131.47 222.64
125.07 211.57
95.02 224.73
90.03 221.51
84.6 225.52
62.78 203.22
88.33 172.36
58.22 141.33
53.81 141.51
51.99 128.36
4.69 131.4
1.73 101.15
-9.83 100.15
-11.87 81.79
28.45 75.82
25.7 34.61
-23.37 35.7
-28.55 22.3
11.41 4.34
14.76 4.13
19.31 22.21
53.86 14.95
52.63 -12.4
94.0 -18.37
94.17 -44.97
118.57 -46.0
119.92 -34.17
72.9 -25.56
65.71 -51.05
101.45 -61.41
115.42 -28.92
108.36 -25.76
86.31 -69.74
111.64 -84.93
124.28 -70.14
138.33 -76.8
125.29 -105.4
121.65 -106.72
131.89 -148.61
100.92 -159.2
101.59 -168.73
114.08 -169.0
115.91 -212.32
149.5 -212.45
150.18 -221.74
178.92 -220.88
179.89 -174.71
166.59 -170.8
153.55 -210.36
172.23 -217.96
192.89 -176.57
210.02 -181.82
220.43 -164.67
206.52 -151.51
175.68 -178.6
151.19 -154.36
175.64 -124.5
161.21 -109.38
158.12 -108.68
160.46 -92.05
117.66 -83.1
118.37 -72.54
125.16 -71.73
126.0 -41.86
81.79 -37.39
82.09 -16.74
74.51 -16.53
71.67 -18.81
61.76 -14.05
68.01 8.43
50.45 18.2
66.29 50.16
75.81 50.34
80.73 3.03
92.47 1.61
97.58 35.83
60.44 41.68
54.77 7.0
21.3 7.76
21.43 37.04
-15.73 38.9
-16.02 66.21
-62.74 69.56
-64.53 94.93
-35.46 97.05
-30.12 82.41
-40.41 77.15
-49.98 89.68
-61.94 84.71
-71.68 103.49
-85.48 97.2
-94.7 115.02
-73.36 129.91
-66.21 127.86
-64.23 126.37
-91.97 84.95
-86.25 78.99
-82.6 76.9
-68.78 100.49
-99.58 121.71
-90.58 141.78
-81.11 139.67
-70.32 166.82
-63.48 165.38
-55.73 186.17
-73.23 196.23
-70.76 206.85
-75.03 211.28
-108.33 184.33
-108.47 178.15
-109.85 177.37
-115.96 186.44
-129.02 180.25
-139.18 198.72
-96.09 222.8
-98.85 233.77
-94.49 239.33
-109.93 252.51
-98.12 269.25
-132.18 294.68
-136.75 289.84
-144.12 291.97
-137.44 330.71
-167.38 336.87
-167.63 353.79
-165.58 356.85
-162.73 355.02
-175.05 331.02
-146.56 313.95
-131.93 334.51
-135.14 342.32
-176.04 327.36
-184.49 337.48
-211.92 319.29
-219.51 327.41
-232.68 321.6
-252.12 360.45
-259.05 361.53
-258.59 373.76
-212.52 372.05
-209.35 326.73
-218.67 321.62
-212.48 303.19
-185.38 308.79
-187.42 340.97
-151.46 346.42
-143.79 309.98
-153.1 302.92
-142.55 285.67
-182.67 260.8
-182.85 260.77
-187.51 275.6
-192.1 278.67
-190.62 287.04
-167.38 283.86
-163.35 303.54
-202.89 314.97
-204.88 321.14
-162.8 338.7
-147.2 306.28
-114.54 321.48
-114.35 331.75
-68.01 332.67
-62.48 296.87
-57.81 296.32
-54.69 304.63
-26.6 294.6
-12.08 321.66
-37.05 339.22
-23.48 363.39
19.08 341.14
32.59 359.65
63.38 340.03
63.38 334.25
105.24 331.51
106.9 304.88
154.45 303.92
156.22 261.08
150.58 259.81
146.13 269.48
177.83 285.51
171.35 301.9
176.04 307.65
184.7 303.42
190.22 306.96
191.12 313.34
232.6 309.43
239.34 345.47
237.76 350.05
267.11 361.81
252.0 400.43
252.3 401.71
273.1 396.92
267.19 366.75
227.81 373.86
229.3 391.58
220.51 393.43
208.18 348.69
220.65 341.42
231.92 358.61
222.01 370.84
252.44 401.41
280.09 374.46
290.22 382.62
289.42 385.69
324.74 398.0
322.8 418.13
276.81 414.2
273.99 447.02
279.06 452.02
295.38 435.82
309.38 446.99
300.9 465.2
323.64 477.28
321.57 487.52
294.71 485.1
290.8 484.25
297.83 448.07
291.07 446.31
282.37 474.53
236.71 460.95
241.34 443.14
271.11 448.14
280.63 421.33
250.49 409.81
263.91 362.96
284.32 365.83
290.39 343.93
281.86 336.84
294.23 321.13
284.34 310.94
313.63 280.67
295.47 256.27
255.14 283.7
232.25 253.35
224.36 255.11
221.81 256.26
223.63 267.85
186.56 274.59
184.21 267.7
180.65 267.31
175.54 270.23
185.29 294.47
160.34 307.86
135.81 269.05
94.65 294.88
83.95 285.63
100.08 259.73
122.76 268.02
143.9 223.0
116.42 209.07
116.21 207.44
160.34 199.42
170.61 245.82
122.95 261.45
136.69 308.53
119.79 313.73
107.15 280.8
142.22 266.17
163.16 305.98
205.11 289.28
205.55 278.35
185.53 273.09
191.87 247.41
214.19 251.11
220.44 219.29
223.97 219.42
230.46 176.52
208.22 168.23
203.62 170.21
201.26 174.34
237.75 199.05
222.2 225.52
193.94 212.72
179.2 236.59
163.67 230.13
153.68 248.08
172.69 262.8
159.43 287.68
171.37 297.88
193.74 275.29
223.24 301.78
241.21 288.37
261.19 312.47
285.66 293.98
287.52 295.37
302.56 276.24
315.02 284.58
291.46 321.73
276.45 316.86
285.79 282.58
264.11 272.19
280.55 232.58
283.45 229.84
300.15 246.59
272.46 279.64
234.9 250.38
218.58 266.91
203.67 258.14
225.07 219.19
224.22 214.72
264.56 206.26
272.6 222.2
317.3 205.14
335.85 248.88
331.98 253.02
352.26 276.75
383.46 255.3
388.11 259.56
422.9 223.97
401.21 201.3
377.26 217.43
370.04 210.19
364.06 210.24
361.7 183.07
389.89 176.48
392.34 180.68
371.5 196.81
360.06 188.04
350.91 196.12
335.23 181.35
365.29 143.29
329.54 112.68
332.6 102.67
364.59 112.41
368.9 110.82
362.75 84.68
356.73 83.66
355.53 63.43
349.07 58.85
330.64 81.72
322.15 76.78
298.24 117.45
319.46 134.78
311.34 150.76
267.15 130.92
244.03 174.12
205.4 154.57
189.87 177.41
172.05 168.2
172.94 162.73
184.91 161.71
189.26 188.23
211.61 189.62
215.82 172.88
203.64 166.48
202.13 161.44
242.31 145.68
246.86 146.69
241.94 184.27
202.37 183.19
200.29 138.7
153.44 139.54
149.98 179.35
168.41 184.92
177.37 169.17
204.34 183.2
227.53 147.11
228.17 141.84
197.13 133.31
198.16 121.62
156.78 114.99
149.84 154.98
177.3 162.94
178.83 170.92
161.85 176.5
165.21 197.86
207.96 195.72
214.96 240.45
219.48 243.54
215.72 253.47
216.01 255.84
233.87 258.06
236.88 243.55
193.73 234.59
197.75 212.27
172.96 205.34
162.98 231.73
170.32 238.09
158.65 256.07
161.12 262.1
180.08 255.51
199.27 297.7
162.45 315.0
168.96 339.8
183.65 336.41
178.94 299.5
204.4 294.78
212.89 313.69
201.82 319.35
211.68 347.17
222.15 345.4
216.45 300.08
187.87 301.03
184.31 275.24
215.71 267.77
220.64 269.49
235.69 235.89
217.98 227.3
210.04 233.76
191.25 210.76
166.76 226.98
