203 281
170 19
146.49 18.07
141.3 47.08
158.4 55.09
179.88 13.96
205.31 25.22
209.1 17.72
190.69 5.54
181.78 15.1
216.54 51.05
225.63 45.86
234.47 55.15
224.17 67.88
256.97 99.9
228.69 128.93
199.91 105.92
203.43 99.57
219.65 106.58
210.77 139.61
203.57 142.19
187.89 103.69
163.72 108.71
157.99 99.91
130.61 113.53
121.09 97.84
114.62 100.61
127.91 139.59
159.02 132.79
162.97 141.04
124.47 160.94
129.41 176.62
101.77 190.52
83.59 165.51
98.1 154.82
79.43 121.53
73.83 119.68
72.0 124.41
82.57 132.17
88.81 125.44
108.87 137.37
103.2 147.36
74.83 136.37
76.66 127.31
119.89 132.89
117.72 173.18
138.31 176.16
148.27 128.38
177.79 131.38
177.98 161.64
157.17 163.34
155.55 175.58
186.48 182.59
190.11 186.57
216.57 168.34
202.13 138.94
163.15 154.07
179.33 199.7
167.33 206.61
177.43 226.35
163.33 233.6
165.58 247.04
155.88 253.29
163.46 266.72
190.51 251.93
198.35 258.16
219.28 233.52
245.95 254.37
246.06 261.7
196.99 265.79
191.61 245.39
167.68 247.76
159.84 201.13
114.76 206.78
118.89 251.27
92.62 255.48
95.23 289.15
81.25 290.69
74.99 269.1
88.78 262.8
104.04 285.68
71.68 310.61
85.43 330.3
70.83 345.29
94.01 369.73
88.54 375.64
112.65 403.72
111.91 408.9
94.75 411.31
98.66 448.9
137.73 448.34
139.6 477.41
101.17 482.71
101.84 507.32
84.78 508.13
81.4 493.74
74.33 494.27
73.72 504.25
43.38 504.47
40.55 459.43
51.54 454.08
41.64 429.64
78.17 411.41
78.29 403.78
66.7 399.61
77.82 361.73
36.71 346.37
18.39 388.87
3.06 383.99
8.55 357.18
54.23 363.13
57.78 342.99
60.03 342.97
62.31 360.07
96.4 356.62
102.94 401.93
99.47 405.48
68.08 376.39
67.13 370.08
49.71 368.59
