46 212
5 2
-35.66 6.36
-34.71 21.0
-69.98 27.17
-66.05 76.39
-103.8 84.18
-110.94 68.85
-137.94 80.17
-143.86 76.3
-129.79 51.88
-110.55 61.78
-101.4 51.83
-84.61 61.64
-105.04 100.34
-117.68 98.82
-115.02 63.32
-91.9 65.0
-86.93 31.28
-108.18 25.31
-109.75 14.44
-113.16 14.34
-117.03 19.27
-100.46 35.58
-80.11 19.39
-67.37 28.71
-46.95 4.08
-60.98 -10.46
-89.93 14.61
-119.14 -15.28
-99.47 -36.46
-90.15 -33.79
-82.53 -54.92
-121.42 -69.64
-111.19 -107.02
-100.75 -104.45
-96.99 -113.85
-138.3 -132.35
-137.92 -145.39
-112.36 -145.14
-109.65 -165.08
-68.08 -162.3
-69.0 -120.23
-116.89 -118.41
-116.86 -79.64
-134.93 -75.08
-127.48 -29.84
-151.47 -25.86
-154.47 -27.77
-138.66 -54.29
-137.19 -58.72
-110.67 -52.38
-108.37 -53.65
-88.44 -22.17
-102.36 -7.93
-70.42 30.06
-78.02 41.35
-113.04 23.3
-92.43 -19.7
-63.19 -10.22
-68.75 12.42
-27.44 27.38
-19.99 17.72
-9.06 20.13
-13.4 47.01
27.04 58.5
30.04 64.91
71.67 50.61
87.26 92.49
74.38 99.0
91.35 136.17
86.52 139.75
66.28 114.67
56.03 117.36
42.43 78.11
18.31 81.64
14.89 87.9
56.37 115.41
51.64 123.5
77.58 138.74
56.47 175.34
29.47 162.66
33.07 146.48
82.38 152.87
87.83 116.45
88.04 113.99
94.01 113.21
94.54 94.14
55.57 92.39
51.1 112.32
35.68 113.54
33.2 132.7
52.28 136.99
52.3 150.52
57.02 154.09
29.79 195.66
7.75 182.28
7.35 182.31
8.44 221.88
-19.94 225.53
-25.73 183.34
-48.38 182.77
-53.88 206.98
-7.16 218.82
-7.84 235.98
37.42 240.65
42.23 228.22
69.72 233.55
72.31 237.43
102.84 217.15
78.63 178.62
78.21 175.07
57.95 175.77
53.82 162.14
23.81 166.33
23.11 186.45
71.09 191.08
72.34 203.19
73.14 204.43
70.99 211.53
