98 7
181 218
223.77 205.09
235.99 235.45
272.44 223.42
262.66 179.81
240.71 181.56
236.58 165.01
265.7 153.55
260.96 135.69
282.86 129.16
269.51 81.74
245.86 83.79
243.83 104.46
281.3 113.06
292.29 73.92
304.52 74.28
309.67 39.21
298.5 34.0
286.33 54.17
314.81 71.91
292.73 113.66
332.69 135.18
358.69 95.26
358.63 90.53
370.25 87.86
381.93 121.09
382.41 121.44
410.22 89.68
390.77 70.83
405.34 50.38
382.22 31.4
366.75 43.7
350.35 30.13
316.61 63.18
313.9 65.05
296.56 40.77
294.68 39.02
277.01 57.47
279.87 64.91
257.0 74.69
268.48 111.74
246.32 123.78
246.97 132.44
293.66 132.24
295.51 162.01
291.15 166.8
289.96 169.54
290.03 172.15
297.19 176.56
306.7 168.33
331.61 193.79
343.13 182.84
343.36 181.89
391.48 191.93
393.49 206.09
383.59 207.64
374.05 174.68
346.4 178.29
340.53 133.35
308.15 133.37
305.66 177.3
281.0 175.99
279.4 159.42
319.51 154.25
320.1 155.37
319.45 159.17
344.48 163.6
340.25 208.35
377.58 212.12
384.76 182.0
350.13 173.03
343.67 182.99
349.34 186.71
367.83 161.89
378.03 163.87
371.69 212.77
351.59 213.43
350.01 238.23
396.92 243.21
393.15 279.04
408.53 280.96
410.95 278.56
390.58 252.27
381.43 256.03
396.71 303.63
376.33 312.96
382.48 327.48
359.99 341.0
383.88 381.42
376.55 390.66
375.32 393.07
395.9 407.86
390.17 420.03
344.45 401.37
341.4 404.59
330.0 397.46
300.89 435.37
332.31 465.21
310.56 493.56
309.23 497.72
332.03 505.99
353.02 461.53
371.72 468.49
377.67 465.03
383.89 471.31
375.48 480.3
387.8 495.68
372.01 514.01
337.06 486.46
350.63 463.09
323.75 443.27
291.11 480.33
313.35 500.47
336.86 479.28
352.45 494.96
335.59 512.38
320.96 500.36
295.42 527.89
268.86 504.32
