296 50
130 252
137.18 259.68
148.85 254.02
156.15 266.03
178.75 256.42
190.53 271.49
224.86 248.93
247.7 283.57
246.18 290.37
201.37 282.22
207.23 247.91
179.74 239.46
171.79 253.51
181.31 263.54
159.1 287.06
149.08 279.65
166.85 247.36
132.96 223.15
111.56 248.29
72.51 221.38
92.32 184.65
63.1 165.23
89.07 124.94
58.03 100.77
67.64 85.82
67.27 84.69
75.73 81.4
66.55 56.68
60.56 57.66
60.44 81.84
26.18 83.23
23.9 56.92
62.69 51.22
70.91 91.73
74.63 95.69
53.27 116.71
31.33 99.22
24.61 107.51
38.84 123.19
49.42 114.67
37.64 94.6
5.48 107.98
1.38 107.86
-1.61 112.84
12.17 122.47
6.08 138.27
21.15 144.12
25.92 137.81
57.89 157.94
86.19 121.87
57.31 96.09
82.37 61.36
122.58 85.99
127.63 86.03
131.52 41.82
116.58 36.43
120.2 20.24
157.82 27.75
154.07 48.93
167.75 55.86
192.05 15.14
174.71 -0.88
147.08 26.19
178.0 60.66
215.26 30.56
241.49 62.62
266.84 43.68
256.98 25.05
254.16 22.24
271.33 3.86
269.64 -3.03
294.69 -9.59
309.24 32.29
341.78 21.71
342.83 14.02
351.32 13.13
356.3 28.92
337.14 37.18
319.18 6.53
301.35 13.02
306.71 35.55
330.65 34.66
331.68 36.8
321.52 44.59
342.93 77.28
321.07 94.66
346.97 132.28
344.4 137.58
348.67 141.3
348.56 141.48
365.68 154.83
354.62 172.19
373.74 187.66
390.79 169.13
388.08 166.46
397.63 150.59
421.12 162.74
418.8 175.8
394.38 174.64
388.79 215.78
377.6 216.48
377.6 263.81
383.61 267.04
400.03 237.0
389.31 227.11
375.23 241.01
362.12 233.24
341.88 263.45
368.53 286.0
347.15 318.88
351.61 326.54
386.63 310.09
395.76 326.47
363.87 344.61
344.39 317.63
336.13 319.63
328.0 289.05
360.62 276.79
375.69 305.09
