203 297
36 117
55.31 94.29
57.01 92.82
36.15 61.34
49.64 50.74
77.48 84.25
62.47 97.54
44.85 78.8
11.03 109.35
23.05 129.73
14.73 136.14
1.33 122.01
33.89 90.23
37.53 90.72
44.53 66.93
27.98 57.39
34.07 45.78
45.68 49.08
43.7 64.03
-3.57 58.51
-6.06 59.14
-5.45 78.08
31.16 81.33
38.04 47.64
-1.58 39.25
-4.93 43.73
-15.27 41.05
-7.28 5.01
22.47 6.68
24.3 6.08
11.65 -40.12
-25.39 -34.88
-28.58 -54.58
18.51 -62.56
13.81 -106.78
49.43 -111.9
44.82 -153.48
57.69 -155.72
66.92 -128.03
79.97 -128.41
81.75 -80.8
114.64 -79.27
116.62 -53.95
88.66 -51.0
93.09 -8.95
84.31 -7.46
87.71 41.87
127.49 40.34
133.38 80.72
161.33 79.52
161.3 66.92
143.05 66.91
138.43 38.52
125.98 36.74
116.58 72.83
81.55 68.42
82.14 59.94
128.66 62.51
127.42 87.48
160.73 92.5
161.81 92.83
169.22 85.27
138.23 51.2
159.01 27.33
144.58 10.63
175.1 -17.78
156.47 -39.7
150.42 -40.36
151.45 -87.33
126.34 -88.01
125.69 -101.61
101.05 -101.71
99.02 -147.24
118.39 -152.03
126.99 -121.43
134.92 -120.35
136.88 -127.31
177.83 -116.88
183.42 -129.82
198.34 -123.75
212.24 -152.87
223.15 -152.18
226.26 -158.5
218.81 -166.2
209.36 -162.58
205.01 -171.48
167.93 -154.83
147.05 -192.67
159.14 -204.77
162.35 -201.9
178.04 -214.26
159.33 -241.48
182.65 -263.46
207.76 -241.82
241.41 -275.44
238.19 -280.99
225.0 -274.39
236.78 -241.32
278.79 -251.98
290.11 -212.6
313.43 -218.26
308.8 -249.15
323.45 -255.97
342.84 -226.14
360.96 -236.13
373.03 -214.68
405.05 -227.91
424.19 -190.68
385.56 -166.63
382.16 -164.61
392.4 -138.86
376.33 -130.53
375.81 -130.2
367.38 -143.53
383.22 -156.42
363.57 -187.55
367.79 -192.13
361.52 -199.39
377.85 -216.58
