157 186
176 18
166.36 12.8
164.75 12.9
161.09 -18.48
119.07 -17.18
116.56 10.02
156.69 15.9
156.56 43.41
131.9 44.94
128.81 33.32
169.95 21.08
163.69 -2.58
129.04 4.17
120.13 -33.14
72.46 -24.82
63.43 -51.59
72.53 -59.29
85.75 -47.52
103.51 -60.94
106.73 -60.76
111.94 -70.99
151.9 -52.91
153.57 -56.46
158.33 -56.84
156.18 -103.89
155.62 -108.06
150.02 -110.72
138.18 -90.78
140.64 -86.12
118.02 -70.37
133.46 -40.16
157.47 -49.45
163.43 -36.82
143.88 -24.65
165.2 15.39
184.22 5.28
191.01 11.82
198.22 5.58
219.65 23.91
233.09 12.08
216.79 -13.15
206.12 -7.2
215.53 19.21
208.66 24.04
214.75 40.53
186.5 51.35
172.02 13.94
165.7 13.15
158.44 42.87
206.51 56.31
206.8 72.77
247.94 73.54
252.23 94.11
220.01 105.17
219.85 114.58
210.7 116.61
212.58 140.28
166.25 144.03
159.58 102.87
132.65 102.51
132.22 79.88
165.74 75.53
171.55 91.7
146.28 101.27
135.32 79.78
153.64 67.15
165.75 83.55
133.56 108.54
111.39 82.89
131.56 61.19
156.96 82.44
135.32 115.32
151.8 128.84
123.31 167.66
146.42 190.79
121.79 220.54
88.12 195.18
117.11 154.53
108.47 144.71
106.21 144.01
110.91 122.13
105.66 116.34
121.89 99.95
94.71 68.52
76.77 79.1
97.1 116.77
83.9 124.05
82.12 130.15
87.5 136.11
104.37 125.49
106.36 123.84
81.54 93.3
87.22 87.03
53.17 53.02
32.87 71.1
3.93 45.32
35.52 8.53
60.55 29.39
35.28 66.95
54.72 80.72
66.59 71.03
52.21 45.52
54.23 43.87
52.47 37.2
62.75 30.73
90.39 68.56
96.28 67.84
102.29 87.85
86.88 93.59
