220 16
199 203
186.09 204.31
184.29 225.01
184.35 229.37
168.87 229.83
166.22 270.41
119.69 268.59
117.58 288.53
121.99 293.54
147.83 273.49
138.92 259.59
105.86 275.84
113.35 301.97
123.69 301.62
127.51 302.61
136.35 273.87
94.86 259.18
95.88 255.63
112.6 257.64
119.13 212.57
81.68 204.26
75.0 213.32
96.22 230.58
121.29 200.94
140.81 217.13
122.72 240.44
123.69 246.19
144.3 244.68
149.7 259.53
128.28 271.8
119.45 261.83
89.62 283.11
116.09 323.51
147.0 307.28
165.26 339.37
170.86 338.38
173.7 336.47
168.41 326.84
167.46 322.66
209.24 310.27
220.52 347.15
247.81 342.2
247.7 337.29
281.48 336.57
285.84 328.73
297.48 332.31
290.0 362.6
283.06 364.62
288.25 389.42
273.31 393.86
261.24 367.49
241.06 373.66
236.04 357.98
242.35 351.36
262.61 366.8
266.73 363.78
281.48 375.72
274.58 386.89
260.96 379.28
251.66 390.04
265.32 401.98
292.04 376.9
306.57 390.41
317.88 379.84
349.25 408.61
341.44 421.63
360.75 433.32
339.01 474.95
378.65 500.85
382.9 501.18
383.31 538.96
430.65 543.28
431.11 545.16
452.61 543.9
454.16 545.09
453.5 546.28
439.22 540.04
431.62 553.46
396.69 536.29
387.68 552.92
353.73 539.25
345.82 546.42
372.97 583.89
369.24 588.32
389.67 605.64
365.12 638.27
325.7 609.94
296.71 643.36
291.52 641.54
291.57 641.12
250.28 632.93
246.41 630.65
253.92 617.6
228.93 598.19
219.0 609.75
242.83 634.0
248.28 634.38
252.95 623.34
290.79 638.15
310.01 600.6
269.27 574.51
278.86 555.82
295.06 563.07
293.49 569.65
264.22 565.95
260.51 561.79
263.12 555.74
230.17 538.02
242.52 504.54
