259 181
277 261
259.01 266.12
264.08 284.59
261.68 290.23
286.84 304.25
271.55 341.48
310.49 360.06
315.16 351.45
285.02 335.04
269.13 362.43
259.53 358.79
264.6 339.73
234.64 326.61
215.09 364.38
212.03 366.58
189.06 339.16
183.41 340.59
172.86 302.14
137.99 309.18
126.71 274.4
98.53 278.6
95.44 274.86
62.07 296.3
50.38 285.9
43.9 293.17
49.11 299.25
89.63 270.15
76.63 251.65
34.88 277.01
24.54 261.16
18.44 262.31
26.34 307.66
-3.76 316.1
0.27 346.59
40.54 345.51
40.87 324.26
22.0 322.97
22.7 296.0
3.67 291.45
-8.69 331.39
6.04 336.54
15.4 319.52
-1.48 310.08
-3.05 310.23
-1.64 349.49
1.39 350.51
12.64 317.94
38.09 322.88
42.29 314.87
79.12 329.26
67.76 369.24
72.53 375.67
66.4 381.34
37.28 351.77
4.49 378.85
23.81 403.44
38.99 397.11
35.34 387.34
54.17 376.95
74.2 403.69
60.29 420.34
68.59 429.73
75.78 425.08
93.43 449.04
75.76 468.08
61.34 457.52
85.56 420.83
103.84 432.69
123.42 405.73
112.9 397.32
95.74 414.57
101.13 426.94
103.4 427.12
105.66 446.07
122.15 447.19
123.69 480.64
118.86 485.28
147.55 516.86
127.97 537.8
123.38 538.06
121.36 545.57
161.04 559.96
163.96 561.95
178.9 541.09
183.0 538.45
177.0 520.11
191.19 514.99
180.54 474.53
170.7 472.63
158.3 518.04
121.24 511.02
128.47 464.84
103.0 455.94
103.45 454.01
131.29 457.82
126.17 499.83
95.85 497.35
91.34 546.22
66.59 547.26
60.54 513.49
27.07 517.71
28.3 558.94
47.73 559.79
50.11 561.4
81.03 522.41
91.66 525.06
92.02 534.12
49.45 538.38
52.67 584.64
