286 271
114 288
113.44 328.72
129.81 331.35
133.57 313.64
102.21 305.51
95.22 313.18
63.05 286.45
84.85 257.46
86.14 256.12
114.06 280.46
126.68 269.46
134.93 273.5
131.5 281.53
154.77 295.31
145.62 315.21
124.82 306.4
139.03 272.53
161.97 277.09
167.43 266.23
188.31 273.74
192.09 266.98
203.52 270.89
211.01 264.44
188.92 231.71
161.92 244.97
145.21 217.27
176.41 194.96
194.12 215.39
230.46 184.38
209.09 157.08
224.55 142.85
237.36 154.87
217.81 179.41
227.25 189.26
259.32 161.34
229.83 122.4
213.82 130.45
193.67 98.44
178.23 102.43
173.03 83.22
159.78 85.68
158.32 95.96
193.21 104.18
205.4 74.18
167.55 58.34
158.1 69.19
124.79 41.15
123.29 35.33
147.66 23.96
151.18 24.79
143.16 69.96
140.64 70.68
145.96 99.94
118.07 106.35
106.71 67.03
122.4 61.14
121.41 56.24
89.36 61.98
80.97 31.39
59.86 37.09
49.45 4.62
17.52 10.26
20.38 46.31
56.73 48.11
59.81 11.01
52.05 8.74
42.61 29.2
47.13 34.07
69.12 14.78
52.46 -10.5
68.86 -25.9
88.91 -10.39
95.95 -14.61
93.67 -20.69
56.37 -7.95
62.19 9.39
74.65 9.22
75.41 -27.44
92.1 -31.67
93.09 -32.26
105.78 -18.12
131.83 -37.49
163.86 0.44
137.95 23.64
118.59 8.53
139.75 -22.09
164.92 -10.52
171.16 -14.61
170.05 -18.41
214.62 -32.66
219.71 -24.35
186.11 -2.03
188.86 5.86
197.9 3.12
200.61 10.86
224.41 4.22
228.94 12.75
222.17 21.34
233.06 34.71
196.31 68.71
203.24 82.97
172.2 100.14
167.46 93.53
178.49 82.37
161.45 60.43
122.39 88.85
119.3 86.05
88.15 115.05
56.78 87.54
