263 161
0 63
-14.96 100.0
3.34 108.89
1.24 121.99
34.25 131.14
29.09 156.56
54.05 164.7
53.34 173.94
102.49 179.59
100.82 215.8
75.64 217.75
75.61 247.07
69.44 250.88
65.77 247.71
69.3 241.54
46.95 224.17
33.14 236.67
3.87 207.52
-11.93 220.12
-38.8 186.63
-26.66 170.91
-19.86 175.78
3.78 150.66
24.3 163.26
16.91 184.32
12.62 187.95
2.69 178.18
-27.03 206.8
-39.97 200.13
-47.48 205.2
-70.88 174.52
-98.71 192.22
-83.63 216.99
-87.5 223.25
-110.92 212.46
-109.86 209.37
-120.43 204.75
-105.38 161.89
-74.83 172.02
-75.18 188.38
-123.93 191.36
-127.05 182.09
-79.84 165.6
-72.64 175.82
-82.47 187.35
-70.17 201.89
-103.92 233.6
-75.28 267.27
-105.48 295.04
-130.87 271.88
-102.74 236.03
-95.49 235.73
-92.75 203.58
-135.13 195.19
-129.02 162.75
-170.99 150.83
-171.05 134.27
-217.49 133.76
-218.85 115.94
-223.22 116.12
-225.49 148.39
-242.73 152.18
-247.8 138.98
-251.74 138.95
-255.23 118.52
-303.45 126.45
-307.28 130.71
-295.34 144.31
-330.91 179.0
-357.19 157.01
-354.94 149.12
-308.94 159.72
-297.33 126.18
-249.39 139.61
-235.21 106.11
-271.21 87.9
-290.65 117.39
-289.1 122.55
-301.27 130.9
-325.4 98.64
-329.34 96.9
-322.64 74.45
-351.24 60.76
-351.36 57.2
-355.26 57.2
-359.99 19.97
-348.76 17.47
-349.94 11.6
-344.01 6.14
-326.34 24.15
-321.1 19.9
-314.36 22.47
-304.32 6.82
-274.46 21.08
-266.81 15.53
-235.6 51.35
-259.18 76.48
-241.48 95.47
-236.52 95.12
-229.37 135.52
-245.12 140.37
-251.27 123.46
-213.6 109.7
-225.24 68.57
-185.21 53.45
-186.55 47.1
-199.06 44.73
-201.95 53.78
-248.82 41.69
