211 208
16 171
16.7 167.03
47.84 171.38
52.92 147.6
94.72 154.07
93.75 174.8
61.29 176.94
56.45 157.34
41.75 157.74
40.38 194.45
14.84 196.6
12.38 220.73
23.02 226.11
18.0 241.56
-7.0 233.9
-21.65 270.5
-52.08 262.82
-44.78 232.94
-17.21 237.14
-16.26 260.17
-46.93 263.57
-56.36 217.39
-29.18 208.29
-28.05 199.16
-74.26 188.82
-78.85 192.09
-96.79 173.88
-121.51 194.81
-138.74 180.51
-130.48 164.35
-85.38 183.8
-65.48 145.53
-84.28 134.17
-64.03 94.91
-27.31 113.54
-44.93 154.45
-51.94 152.2
-56.59 151.51
-62.66 185.93
-93.12 182.56
-91.59 138.11
-128.91 134.1
-130.78 129.3
-154.85 134.74
-158.04 132.02
-134.81 101.45
-152.89 82.62
-145.31 73.38
-140.05 74.01
-132.42 36.3
-96.48 39.82
-98.67 78.15
-84.64 80.82
-84.24 103.36
-117.12 106.62
-118.54 135.76
-129.39 139.81
-143.87 113.02
-137.92 105.21
-133.12 108.46
-134.51 119.36
-149.07 117.69
-148.19 90.9
-119.22 87.42
-118.33 68.68
-105.19 64.51
-94.08 91.81
-55.02 76.24
-62.62 45.9
-94.31 53.46
-100.3 40.67
-140.25 57.11
-154.16 32.27
-191.02 52.09
-201.45 38.37
-174.73 13.75
-152.82 30.78
-162.94 50.97
-162.07 53.25
-128.46 43.25
-135.12 8.29
-139.74 8.55
-144.94 -40.67
-180.82 -41.58
-185.74 -4.06
-225.07 -7.8
-226.61 -18.64
-210.15 -24.13
-201.84 -12.71
-172.32 -28.43
-150.08 7.22
-142.51 6.39
-140.96 -8.76
-155.67 -14.86
-168.41 12.35
-213.65 -3.73
-222.98 20.22
-203.93 30.04
-202.2 31.72
-217.81 50.86
-229.27 43.6
-248.75 65.84
-271.16 47.94
-302.13 85.63
-279.26 105.9
-258.09 87.72
-253.31 89.53
-243.92 75.57
-239.9 72.29
-237.83 67.79
-211.14 75.94
-199.69 55.4
-234.9 35.76
-237.37 31.67
-239.74 29.84
-264.72 56.33
-277.48 48.08
-251.24 6.53
-210.13 30.66
-221.11 55.7
-230.35 51.82
-235.42 52.46
-233.87 95.9
-266.86 97.61
-267.62 132.47
-240.2 134.32
-237.69 160.27
-188.63 155.71
-188.51 143.57
-150.73 139.57
-143.53 163.81
-121.66 159.68
-117.77 178.98
-133.07 187.02
-113.66 227.25
-103.74 227.84
-102.56 220.4
-139.31 212.53
-133.22 164.34
