241 175
118 181
114.4 181.4
112.06 174.69
130.33 167.82
132.02 170.41
166.46 148.69
153.39 125.52
112.29 148.45
121.93 175.52
156.59 164.86
158.37 168.78
123.12 186.95
128.42 203.61
170.6 190.51
182.6 212.94
158.78 228.77
142.22 210.69
140.67 210.91
134.42 198.52
118.14 204.35
129.61 246.39
88.15 258.39
88.5 262.68
131.37 259.55
135.27 303.6
146.33 306.73
153.58 282.06
133.51 271.13
120.86 294.11
99.43 283.27
111.2 253.41
145.68 265.16
134.46 299.69
87.48 288.01
92.44 251.51
98.97 250.96
106.54 286.78
97.23 291.05
76.34 255.55
51.06 266.77
30.18 222.03
5.05 229.04
-8.82 191.7
1.52 185.05
13.65 195.81
20.92 190.1
24.75 191.77
38.73 170.09
55.64 176.51
67.01 153.05
69.37 149.03
61.45 143.64
56.14 150.63
73.27 169.02
98.08 147.44
83.31 126.35
100.29 113.29
111.38 121.37
117.6 114.31
120.09 110.3
114.94 103.98
90.3 117.68
73.91 89.7
96.96 75.98
91.53 62.92
90.69 58.11
119.22 50.88
110.88 8.13
89.72 10.53
86.53 -1.34
119.01 -15.2
131.84 13.5
142.07 12.34
147.32 35.08
151.13 34.41
157.19 41.25
180.97 22.53
198.94 39.74
184.89 54.71
180.43 57.07
161.37 24.7
146.64 29.37
156.91 75.17
157.14 77.53
185.22 76.43
189.45 83.17
168.32 96.86
158.19 86.04
119.2 116.22
97.57 89.0
78.89 99.11
75.89 95.5
63.54 102.94
52.05 92.03
39.36 104.55
2.32 73.98
11.25 58.61
-27.53 34.1
-34.43 44.89
-46.51 42.83
-51.88 58.07
-90.58 49.73
-88.68 40.92
-74.74 38.97
-73.96 22.14
-28.56 23.17
-25.94 41.41
-9.16 39.85
-5.91 59.95
-24.15 63.96
-35.09 26.37
10.05 11.0
10.44 7.07
-1.42 4.89
-0.32 -1.14
10.98 -2.63
15.14 -5.83
-10.61 -46.79
-1.68 -55.96
-8.29 -65.61
28.9 -96.73
38.2 -86.24
20.14 -66.15
-3.96 -87.05
12.01 -110.53
22.49 -108.19
35.46 -153.86
42.37 -155.37
48.4 -142.74
47.28 -141.59
27.02 -155.03
15.99 -141.94
47.83 -111.42
19.62 -77.29
55.39 -44.16
28.08 -7.92
9.6 -16.48
-7.0 18.73
-45.67 1.84
