245 63
131 19
117.21 47.03
99.22 40.27
108.62 8.98
81.87 -1.72
85.0 -12.39
94.89 -11.93
94.35 29.0
116.99 32.53
117.97 30.21
123.06 28.33
117.9 0.18
113.48 -3.34
81.64 32.57
89.15 41.07
59.98 72.7
90.45 103.2
100.19 93.83
129.98 122.35
153.55 99.82
149.69 94.63
171.62 76.57
186.58 90.23
201.82 80.83
200.16 73.68
177.89 74.71
177.34 122.76
142.09 127.27
141.84 154.24
191.65 157.37
194.36 116.72
206.01 114.22
205.9 109.03
172.17 107.9
170.53 61.75
217.36 57.87
222.79 93.6
217.55 98.71
199.4 84.39
221.05 53.75
240.46 66.46
256.9 46.52
268.58 51.39
263.77 64.52
307.17 82.27
302.26 107.36
299.85 111.23
257.84 88.01
266.59 65.55
265.8 61.76
272.34 58.2
281.81 69.9
287.9 67.37
274.52 33.57
304.9 20.73
300.28 8.15
287.07 11.26
283.05 -5.08
321.82 -18.97
315.73 -44.26
320.45 -46.37
340.82 -1.76
307.96 15.09
304.22 13.35
299.39 15.9
291.25 2.89
269.73 15.7
288.54 54.41
281.66 61.84
301.81 83.19
271.9 117.08
304.68 147.2
313.46 138.23
330.52 151.49
310.03 185.31
318.5 192.16
311.98 203.95
330.97 216.43
361.23 179.22
353.95 168.12
392.6 140.28
406.18 155.96
374.35 188.52
372.6 192.93
389.19 201.36
408.74 168.7
408.0 167.95
387.6 186.84
397.7 205.01
361.61 226.99
367.0 236.01
336.06 255.08
332.99 254.51
331.46 244.01
375.16 232.94
363.82 187.94
331.01 195.46
324.91 182.62
350.72 169.18
335.25 131.36
305.61 138.34
307.88 163.47
336.44 162.22
336.0 146.09
351.52 143.92
348.93 110.54
317.24 112.95
317.91 143.99
302.09 147.8
306.54 168.66
261.24 182.01
265.57 204.87
294.21 201.65
300.12 244.78
336.18 243.62
339.93 210.0
329.15 204.82
322.75 208.44
308.74 190.77
289.24 205.64
296.24 221.33
318.81 211.5
306.37 179.79
267.96 189.81
277.4 227.94
304.74 225.7
306.23 186.25
306.66 181.62
276.11 176.39
276.36 168.35
259.03 163.6
264.02 135.81
222.56 123.8
214.31 143.85
193.96 135.86
194.21 125.24
243.05 123.78
244.91 166.92
278.82 169.44
