236 162
255 257
248.24 262.03
224.24 234.6
241.85 217.13
274.94 248.47
253.61 277.04
275.2 297.54
274.28 298.88
302.59 319.08
314.86 303.65
299.77 291.35
288.08 305.52
256.9 283.17
259.76 278.55
222.99 253.68
221.93 248.29
196.55 248.36
194.89 235.55
225.53 230.28
227.56 214.22
242.34 213.16
241.44 165.04
219.89 162.17
223.58 114.89
195.03 111.07
187.9 142.09
229.51 151.85
220.73 191.22
200.82 189.69
199.26 202.78
217.91 205.84
230.34 158.3
230.49 153.48
210.29 152.11
205.82 201.51
250.24 207.9
256.41 172.34
242.5 165.55
258.75 122.73
267.47 124.9
260.03 154.78
237.15 152.54
231.16 182.22
228.92 183.0
230.22 189.92
259.24 189.09
259.68 195.13
235.18 201.18
239.07 221.61
200.6 232.79
189.71 209.36
203.47 200.22
217.87 219.45
240.69 202.95
266.36 233.77
237.68 260.61
236.85 260.36
227.08 285.6
263.3 303.47
263.81 303.93
271.64 301.97
267.38 270.95
314.3 261.02
316.55 266.05
308.5 271.3
293.31 252.29
306.3 236.34
345.65 263.28
333.09 286.64
351.25 296.89
330.21 341.98
365.37 360.7
352.51 394.44
344.13 395.38
347.18 431.96
345.35 432.15
341.18 392.74
356.73 388.64
357.36 372.29
377.83 372.99
383.54 335.88
339.23 328.52
331.29 370.37
310.37 368.84
311.1 342.34
298.01 341.1
299.0 319.31
260.75 315.11
252.65 348.67
215.12 340.55
203.88 383.93
205.65 384.83
186.4 423.34
222.9 443.34
210.94 469.85
239.89 487.26
231.73 502.02
236.14 504.85
236.85 507.85
209.1 518.72
216.66 542.33
256.4 530.72
251.41 499.35
297.18 488.05
298.16 477.94
344.05 479.87
343.05 511.62
354.51 515.48
351.08 530.79
314.28 524.97
312.64 512.39
319.24 510.23
316.77 489.97
327.33 484.62
309.7 445.34
332.28 433.48
332.79 428.18
323.06 425.34
307.57 470.55
323.46 479.66
333.4 469.4
339.98 474.91
313.8 511.53
316.13 515.35
289.71 533.07
291.89 538.08
299.22 539.25
308.53 497.78
345.52 505.34
337.76 544.23
330.55 547.44
322.61 531.32
346.56 514.85
323.33 478.72
333.27 469.96
345.31 478.24
323.59 509.94
314.31 505.07
334.61 462.5
