58 179
274 289
286.3 274.07
309.88 290.09
330.1 266.33
313.26 248.56
276.25 280.61
271.09 280.9
266.65 245.85
258.87 242.56
242.29 269.68
213.68 252.79
184.24 293.37
165.74 280.58
165.36 281.1
162.23 280.19
151.22 317.33
127.97 315.34
127.13 313.39
128.95 312.17
144.23 331.65
154.59 324.62
176.96 355.24
183.04 353.37
176.83 318.76
165.09 317.43
156.3 365.76
122.89 364.14
119.89 382.0
88.49 380.97
85.19 391.8
112.85 404.92
126.07 382.72
164.7 402.67
148.36 439.06
106.84 421.15
102.58 422.37
100.74 420.34
129.84 390.73
124.33 381.17
95.49 396.98
100.4 409.45
132.86 399.28
127.26 379.02
155.0 368.72
165.35 384.91
191.82 369.54
175.64 333.59
155.15 341.32
161.2 364.73
155.03 368.8
127.29 335.76
140.45 324.25
163.23 346.31
198.19 316.01
190.45 303.48
180.59 306.67
167.94 271.0
201.45 257.84
193.76 232.72
153.86 244.17
146.59 227.3
158.49 220.0
157.53 212.55
193.85 203.84
188.88 180.59
207.41 174.97
204.64 156.51
168.57 157.29
165.56 162.04
131.2 143.12
128.64 141.3
134.1 131.87
121.58 123.62
144.16 83.49
121.23 65.63
138.73 37.41
105.58 16.53
84.7 48.91
48.5 31.49
27.9 71.38
31.83 76.2
32.75 79.53
10.96 86.58
2.82 65.98
-32.62 78.81
-46.41 47.46
-63.45 51.77
-54.06 90.57
-101.37 104.97
-99.51 124.83
-57.8 123.36
-52.56 137.36
-36.63 134.81
-28.61 154.93
-0.57 148.6
-6.37 121.81
12.78 117.49
11.86 95.27
15.25 94.65
12.48 73.18
-21.24 76.1
-21.69 121.08
-60.08 121.35
-61.63 133.12
-55.02 138.53
-69.11 162.86
-37.75 182.52
-50.06 203.18
-81.81 186.42
-76.3 173.48
-48.31 184.63
-56.54 214.75
-67.82 215.46
-67.6 242.14
-81.17 244.97
-86.32 243.81
-100.23 287.61
-73.79 297.42
-75.92 312.59
-69.12 318.05
-66.41 319.79
-84.62 348.44
-58.37 367.54
-40.94 351.8
-46.02 345.92
-45.66 345.54
-41.83 344.14
-49.29 313.74
-73.37 316.82
-70.85 352.45
-89.16 355.88
-93.65 353.67
-110.2 383.05
-120.81 379.65
-108.28 336.59
-79.6 343.96
-75.75 341.87
-59.71 367.3
-39.29 358.28
