262 275
260 177
274.73 173.68
282.98 205.12
254.43 217.08
244.33 205.38
250.13 199.95
219.7 163.21
190.91 183.39
196.78 194.29
172.98 212.26
193.72 239.91
209.63 230.69
229.77 256.13
237.98 254.07
240.0 247.25
275.05 256.16
284.72 224.49
307.12 226.92
314.1 181.16
311.64 178.42
315.79 173.47
293.43 153.88
318.75 118.61
348.59 139.71
370.01 115.51
349.26 95.3
354.87 86.95
338.91 72.9
359.73 44.84
325.33 13.46
347.17 -12.03
346.53 -17.98
298.15 -16.18
296.96 21.6
255.01 22.45
255.38 64.03
231.31 65.38
228.86 90.05
203.31 89.01
203.51 65.23
167.89 62.84
164.14 89.35
194.9 94.16
190.22 132.36
197.88 134.22
205.74 117.84
194.39 107.18
185.68 113.09
159.71 79.72
123.27 106.14
130.09 121.19
120.75 127.59
96.57 99.07
125.15 71.33
149.97 92.85
157.56 91.5
163.09 101.97
142.5 116.14
148.24 127.2
192.94 104.98
209.05 128.3
189.21 144.85
183.54 144.56
181.74 177.1
217.12 182.83
217.31 204.15
175.61 207.76
177.5 230.12
216.96 229.08
220.16 232.52
198.68 256.37
212.29 274.65
206.55 282.96
186.27 273.63
197.91 237.5
238.79 247.37
249.51 205.61
248.42 201.29
264.54 193.4
246.86 146.94
266.24 138.56
273.3 142.73
259.89 167.54
271.24 176.48
278.04 170.17
252.57 140.39
234.77 150.1
242.39 173.66
277.44 165.86
278.77 158.65
306.58 160.74
312.23 126.83
310.38 121.91
322.74 112.61
328.37 118.4
333.73 120.01
326.64 150.39
293.93 147.47
292.45 110.53
308.58 105.35
306.51 89.65
331.68 85.25
329.37 55.11
332.09 52.29
347.99 65.2
325.98 92.94
329.48 98.94
330.17 101.48
373.46 91.12
382.74 111.77
356.07 125.89
358.58 132.83
346.53 139.9
320.31 102.95
315.94 101.34
309.51 114.35
275.53 101.17
260.84 135.92
215.89 117.36
206.19 131.23
191.87 123.57
206.43 89.82
176.73 74.68
162.33 100.34
174.86 111.61
173.13 120.99
191.16 124.41
200.75 99.29
181.95 87.62
177.48 85.96
177.91 73.11
139.96 69.06
134.62 99.88
149.79 106.43
131.94 151.44
119.71 150.54
113.94 163.43
118.36 167.5
137.88 148.38
114.03 117.49
74.49 143.58
56.98 122.38
47.17 127.39
68.77 170.62
87.9 165.44
99.41 204.34
73.54 213.93
58.77 180.3
19.51 193.4
20.62 210.31
22.57 214.81
1.47 226.08
2.3 237.73
21.78 238.2
24.14 205.44
7.18 203.21
4.23 188.08
-23.84 189.62
-28.4 190.9
-37.69 169.28
-4.1 151.77
4.01 166.69
32.43 154.3
23.38 122.85
56.54 112.94
71.74 152.44
89.24 148.32
89.08 132.96
90.65 131.08
129.02 157.22
151.62 129.82
121.69 100.81
153.81 66.61
163.13 70.09
164.63 70.51
167.78 65.78
163.39 62.54
189.39 26.67
181.16 20.31
177.07 20.53
172.4 24.88
150.57 6.18
148.09 7.29
146.91 10.38
116.13 1.2
108.28 18.38
116.39 26.74
135.33 9.09
120.51 -8.28
150.1 -35.73
130.69 -58.82
131.21 -63.32
175.03 -62.38
178.91 -33.96
209.21 -34.32
211.62 -26.87
174.73 -14.95
158.81 -54.41
117.51 -42.19
112.69 -47.6
92.31 -35.01
84.43 -47.24
49.4 -29.05
33.25 -57.43
49.93 -66.95
69.78 -41.77
76.74 -45.89
59.33 -82.26
73.39 -94.32
69.53 -100.59
67.73 -101.15
69.4 -119.78
87.87 -120.4
89.47 -144.31
127.74 -142.69
131.42 -166.83
170.92 -161.08
177.59 -198.83
155.07 -205.65
141.8 -164.83
182.12 -148.16
168.68 -108.57
187.6 -99.24
206.26 -135.37
218.47 -132.77
231.67 -175.43
227.37 -177.36
209.3 -142.02
184.44 -152.91
