194 158
276 58
249.05 34.54
215.52 65.98
224.9 80.51
210.41 94.98
197.78 88.54
202.98 67.87
200.52 66.41
215.62 40.22
249.0 58.19
269.33 22.27
303.83 39.23
310.54 27.77
299.72 19.55
294.07 25.44
303.2 39.36
326.35 24.57
312.49 -2.46
308.04 -0.61
320.21 35.47
290.72 47.53
297.24 65.93
256.79 85.29
251.63 77.83
245.13 81.34
266.73 126.22
250.9 134.6
251.47 140.98
284.9 141.22
287.59 103.87
239.67 99.95
236.39 95.17
265.96 74.37
288.82 105.15
302.27 98.36
290.12 64.83
298.77 59.76
293.79 44.7
320.45 34.09
331.41 51.56
368.83 33.52
376.12 42.22
351.55 67.71
351.84 71.65
330.83 75.42
325.09 55.42
368.67 41.14
358.0 2.97
394.89 -8.78
384.11 -57.28
337.85 -51.74
339.54 -8.47
336.95 -5.11
369.35 23.99
381.81 11.53
392.2 21.83
413.97 5.1
394.64 -25.95
419.44 -45.67
393.97 -83.32
359.47 -62.31
338.83 -95.61
374.47 -120.4
350.45 -160.84
325.53 -148.06
321.08 -147.95
319.86 -128.5
329.42 -124.22
335.66 -137.7
355.86 -131.67
347.86 -95.99
396.24 -85.14
402.01 -108.6
358.17 -120.27
350.86 -107.74
378.94 -86.82
360.77 -56.19
381.54 -39.64
403.54 -62.54
398.68 -67.4
407.28 -77.74
432.13 -62.39
454.38 -89.03
455.97 -91.4
483.48 -73.58
475.0 -53.54
485.11 -45.92
486.38 -41.48
442.16 -25.01
427.19 -51.57
426.47 -54.84
456.57 -66.17
464.69 -58.64
447.66 -39.25
479.98 -9.07
458.68 18.02
459.87 20.85
474.96 19.53
480.83 49.59
440.99 57.71
437.7 65.27
477.68 84.52
474.84 90.65
466.86 89.82
465.78 57.24
454.67 54.91
456.0 40.32
419.56 36.55
424.11 -9.66
411.63 -11.6
407.91 -5.61
390.72 -14.27
375.93 14.88
357.05 6.52
364.01 -16.65
327.94 -30.21
311.18 5.28
345.33 25.28
327.36 59.8
367.68 84.73
374.51 82.57
374.21 72.86
385.47 71.56
384.18 46.22
429.2 43.61
430.26 19.47
479.26 16.89
482.21 -20.35
452.18 -27.1
457.67 -63.94
490.96 -61.91
498.46 -105.73
501.27 -105.3
508.4 -151.43
529.65 -148.69
531.71 -155.62
496.97 -167.68
490.48 -156.44
486.41 -157.19
477.65 -118.09
506.93 -110.23
514.86 -133.19
557.33 -123.7
570.0 -167.01
565.56 -171.58
565.78 -176.96
568.94 -178.77
583.99 -156.11
566.23 -142.83
546.02 -169.19
538.15 -165.29
550.23 -137.02
577.74 -147.65
596.38 -104.56
578.85 -94.65
577.71 -90.11
614.85 -78.14
609.58 -56.96
567.95 -62.25
559.7 -18.36
512.8 -25.58
511.15 -27.33
483.95 -2.58
476.21 -9.45
449.28 20.67
430.43 5.07
440.78 -11.53
398.88 -37.67
416.9 -69.8
429.85 -67.43
438.15 -89.06
451.4 -89.16
451.52 -98.8
500.83 -100.79
503.69 -112.47
508.64 -115.13
498.91 -135.77
458.85 -119.07
474.27 -72.0
455.46 -64.03
438.67 -98.97
424.56 -95.03
424.17 -89.45
448.24 -87.68
450.45 -59.26
495.8 -62.22
499.59 -18.15
495.98 -15.16
507.6 6.0
516.19 4.46
520.61 4.84
522.56 31.01
488.03 36.33
488.89 54.85
524.96 55.1
529.69 43.14
502.68 29.28
507.03 18.51
477.09 1.26
450.91 38.63
469.05 56.27
503.71 24.03
487.25 4.68
501.22 -9.76
533.97 21.38
562.4 -3.44
560.93 -7.71
574.25 -13.01
568.66 -37.7
547.5 -35.54
539.32 -78.7
551.33 -84.0
542.7 -107.26
501.02 -93.47
492.81 -103.17
477.52 -91.25
467.78 -96.97
486.03 -137.48
489.3 -137.66
490.98 -156.0
527.85 -153.3
526.18 -120.22
530.27 -118.46
513.48 -77.35
538.62 -63.97
550.23 -76.61
577.84 -52.95
607.15 -81.39
627.76 -66.54
