144 126
217 129
221.91 82.9
227.8 83.37
233.27 48.03
194.2 39.81
194.05 39.97
204.38 55.52
231.35 37.73
230.07 33.3
273.88 19.83
265.78 -22.56
240.86 -21.32
238.37 27.91
232.45 31.57
237.41 45.31
272.32 34.24
266.22 14.36
297.36 -0.01
284.82 -29.31
245.81 -13.72
252.44 7.57
264.89 5.13
269.43 10.49
246.68 30.16
225.55 12.18
203.79 32.42
180.98 11.88
186.1 5.33
192.31 6.17
191.72 24.55
195.04 29.05
188.12 35.93
167.9 21.83
180.96 -2.14
193.6 3.67
194.36 8.75
187.86 14.23
169.26 -4.85
193.46 -30.31
226.14 -1.71
207.92 20.85
237.59 47.23
226.63 64.11
213.19 60.17
219.99 28.94
219.32 27.4
251.45 10.9
247.86 3.59
231.09 7.8
225.88 -8.16
258.44 -23.96
242.12 -65.95
202.12 -52.16
193.87 -65.84
232.27 -89.96
242.65 -76.33
243.99 -73.53
252.49 -73.3
252.91 -76.52
206.34 -85.27
203.08 -76.71
209.07 -69.32
222.41 -74.31
213.1 -111.65
223.53 -117.48
239.09 -92.94
230.95 -83.41
242.25 -69.66
252.47 -77.85
244.74 -93.88
278.28 -111.68
272.05 -126.57
248.09 -116.67
246.94 -106.47
291.05 -98.59
297.29 -114.19
305.35 -115.66
306.51 -119.85
335.44 -112.26
345.73 -150.25
355.67 -148.27
355.33 -126.06
387.51 -123.78
389.61 -112.01
384.46 -106.11
416.01 -75.55
412.34 -66.13
407.36 -65.41
404.66 -55.22
399.25 -54.79
396.1 -48.97
353.69 -69.33
341.7 -45.57
369.8 -28.94
376.66 -33.04
395.31 -9.25
396.52 -7.22
385.71 1.64
401.79 22.0
392.76 30.93
405.51 44.52
431.69 23.38
453.76 47.72
439.82 63.35
421.53 52.47
393.62 93.41
371.22 80.95
374.87 70.67
367.12 63.8
349.93 79.55
350.99 84.39
374.17 82.24
382.06 131.41
425.57 129.01
430.61 175.49
414.97 178.24
407.18 144.35
426.79 136.71
430.4 145.97
437.86 143.59
429.06 113.62
403.68 117.93
403.96 142.48
368.41 143.9
363.03 109.12
352.47 109.98
352.94 133.78
329.08 135.14
327.84 137.0
328.73 137.86
358.14 108.85
332.31 76.73
340.87 65.29
379.46 88.77
382.21 87.71
380.9 82.17
426.08 67.38
434.84 89.52
389.6 108.69
394.75 132.97
415.92 131.93
421.79 152.33
440.06 147.55
444.99 154.29
410.42 183.45
403.63 177.17
375.98 202.03
358.14 182.68
345.61 189.76
344.81 197.45
335.61 197.67
334.31 192.59
287.4 201.95
283.99 207.58
240.09 185.38
218.0 218.64
181.54 200.19
202.03 157.41
238.79 173.86
232.3 197.43
215.9 194.72
212.18 200.72
196.29 191.74
215.96 150.14
235.47 156.65
224.55 191.48
246.15 199.75
257.96 169.87
244.66 163.47
257.15 133.13
297.39 148.99
311.68 113.07
276.75 95.46
281.5 79.6
306.55 85.93
309.06 84.59
307.31 77.31
353.41 65.93
360.2 90.05
322.02 101.41
326.45 133.51
359.15 130.72
361.37 114.37
401.01 116.67
408.13 74.22
433.8 75.44
435.67 125.17
434.66 127.08
467.94 146.57
462.83 160.38
506.47 179.19
496.62 207.59
463.61 198.71
456.42 213.77
475.23 224.34
487.2 203.34
491.68 203.75
494.88 208.9
519.41 197.29
530.29 208.8
564.25 181.21
551.55 163.47
524.08 182.52
523.97 184.72
494.74 184.3
494.24 215.93
513.72 220.99
506.03 270.39
469.86 269.2
466.5 304.85
499.7 309.86
497.95 322.33
520.15 328.59
525.04 318.78
562.78 336.46
575.99 312.44
548.43 296.91
539.05 310.25
557.06 325.85
552.0 337.61
564.5 347.67
595.73 309.16
581.66 296.91
550.86 329.76
539.08 321.66
559.81 284.43
536.49 269.05
552.83 242.37
553.59 237.27
