216 69
145 154
125.69 144.35
133.0 121.3
177.42 130.92
172.94 157.43
138.17 154.43
137.99 135.29
182.61 133.36
186.82 157.04
167.9 164.75
179.88 206.24
147.33 216.81
155.49 249.35
171.66 248.7
172.33 199.9
209.36 198.05
213.91 227.07
232.52 226.86
233.83 216.8
204.56 209.22
188.22 252.55
166.94 248.08
157.46 272.7
121.76 262.45
127.48 227.37
109.18 223.4
106.73 216.19
123.77 208.04
131.2 216.77
109.05 239.04
85.71 220.35
104.81 194.84
97.49 185.63
126.3 158.57
107.23 136.69
88.0 149.94
100.58 172.03
62.97 196.05
73.12 219.79
40.41 237.97
49.63 255.7
67.66 250.67
77.89 277.48
74.81 279.03
77.35 294.41
59.64 300.03
65.91 330.91
41.89 338.71
29.83 314.49
66.57 291.27
49.32 263.59
73.96 247.21
65.2 227.44
88.25 211.8
95.89 215.01
82.06 248.18
112.51 264.59
93.7 308.7
76.82 301.77
89.76 262.68
74.9 254.84
67.5 264.49
29.32 240.45
46.55 205.98
42.92 202.14
35.93 203.81
27.56 178.13
51.4 166.9
35.96 133.93
18.08 137.96
9.44 104.04
7.72 103.49
-5.9 139.56
5.72 145.71
2.91 159.74
24.77 165.25
27.73 160.77
9.85 143.54
30.49 118.62
33.03 120.54
50.89 104.24
37.27 85.19
16.32 94.43
29.52 125.09
49.59 116.73
34.08 72.04
-13.6 84.87
-25.69 42.21
-26.12 39.11
-5.51 36.1
-3.61 17.37
26.79 17.24
28.67 7.17
47.79 8.4
51.57 -18.07
95.01 -16.5
100.08 -52.18
148.58 -48.54
150.56 -69.01
182.34 -70.75
186.73 -47.06
160.59 -39.31
170.21 -5.16
141.75 6.87
123.51 -28.75
129.75 -36.58
153.8 -23.04
137.53 10.23
124.17 6.05
117.76 21.29
128.28 26.82
145.33 -3.18
140.82 -6.09
121.38 17.63
81.0 -11.02
53.52 27.62
22.1 9.28
-4.54 48.86
-27.95 37.68
-40.41 52.61
-79.49 25.93
-62.74 -1.94
-59.36 -3.23
-39.98 37.35
5.24 19.01
15.01 36.97
41.16 26.51
34.99 10.44
19.46 15.79
12.64 5.71
49.28 -20.34
67.84 0.37
74.08 -3.87
63.52 -27.12
70.7 -30.46
64.37 -55.45
56.86 -56.45
52.11 -31.6
58.42 -26.17
62.35 -30.73
70.36 -27.46
87.26 -65.44
50.62 -84.78
53.7 -101.08
55.9 -101.82
61.58 -94.53
66.1 -92.8
70.65 -91.52
77.24 -108.03
81.67 -111.6
54.83 -151.76
60.56 -160.16
77.63 -149.77
97.5 -177.96
71.49 -198.09
44.97 -167.2
26.86 -176.84
14.34 -154.97
13.85 -154.36
-16.78 -174.57
-35.66 -151.27
-12.96 -132.78
15.3 -162.63
9.08 -171.75
-5.66 -162.47
-18.49 -175.92
8.07 -207.43
33.5 -189.45
31.87 -180.76
72.24 -168.34
81.08 -184.35
64.27 -195.2
46.63 -172.35
58.72 -158.41
44.8 -144.88
74.66 -110.55
61.81 -97.79
84.17 -73.31
62.01 -49.04
33.12 -74.11
61.07 -109.31
93.78 -85.05
85.17 -65.51
53.92 -77.62
59.5 -101.08
55.68 -102.9
71.74 -139.6
56.02 -148.6
79.04 -190.31
90.84 -188.03
98.28 -215.66
71.97 -227.19
67.51 -222.6
93.55 -197.13
104.04 -207.19
107.86 -210.19
140.16 -174.1
157.48 -187.11
143.33 -211.59
104.01 -190.78
107.89 -175.36
123.14 -176.45
124.19 -185.88
82.08 -190.77
77.96 -170.79
73.06 -171.14
72.53 -193.81
35.22 -194.46
30.56 -201.79
61.05 -223.39
42.0 -255.96
64.89 -269.99
60.28 -280.27
74.08 -286.61
88.6 -263.81
88.47 -262.29
116.7 -255.14
124.14 -281.91
136.72 -278.79
151.32 -323.68
154.69 -325.25
168.11 -303.32
166.41 -296.98
207.12 -285.8
202.25 -251.4
182.44 -252.16
178.74 -222.64
143.47 -226.81
141.82 -215.06
