189 170
150 19
134.62 18.92
130.68 20.84
135.87 40.25
102.24 53.43
102.74 58.97
59.02 63.91
56.22 52.71
96.85 41.49
102.49 52.97
65.07 76.67
51.13 57.5
33.59 70.22
24.44 57.82
3.03 69.53
-22.75 28.74
-24.66 27.84
-42.15 62.09
-33.94 69.68
-1.48 35.36
1.7 37.11
-2.96 55.5
-42.82 46.35
-50.83 74.22
-18.76 85.7
-1.27 49.25
-13.73 39.82
-17.19 38.58
-32.32 71.91
7.91 93.3
-1.07 115.38
-27.04 107.37
-28.26 108.89
-12.07 122.7
23.02 86.92
47.66 108.12
47.85 114.18
5.29 116.81
2.29 149.11
-8.84 149.63
-12.79 164.67
17.41 173.35
6.95 211.63
5.64 214.91
-22.81 208.3
-21.83 200.73
-40.67 197.74
-46.16 217.3
-52.54 220.62
-71.5 184.79
-74.68 182.41
-49.75 141.35
-23.4 151.96
-32.45 178.27
-38.37 178.58
-44.12 131.66
-47.68 128.18
-82.02 161.31
-114.51 130.61
-84.65 97.28
-76.71 104.4
-67.11 100.17
-73.46 82.5
-112.89 95.59
-101.46 134.75
-95.89 133.68
-100.3 108.69
-131.02 111.56
-133.34 107.68
-153.79 118.88
-164.59 102.85
-159.47 96.21
-167.12 88.04
-202.24 115.73
-227.37 85.65
-249.38 100.59
-265.52 78.79
-289.76 92.19
-297.94 87.45
-273.78 43.81
-291.84 32.14
-285.06 15.71
-310.88 0.51
-313.3 4.49
-297.43 19.54
-309.84 33.05
-332.05 16.75
-323.89 -2.75
-363.88 -22.88
-370.08 -19.69
-387.03 -51.98
-376.83 -60.65
-393.69 -82.62
-418.98 -66.23
-429.49 -79.82
-467.03 -57.1
-486.31 -79.84
-520.67 -51.74
-525.4 -54.18
-524.83 -64.23
-500.56 -65.06
-498.22 -94.44
-500.7 -95.91
-518.13 -73.72
-482.56 -44.0
-496.07 -27.22
-465.83 -1.46
-445.45 -20.98
-447.49 -28.3
-443.57 -33.5
-460.83 -47.83
-449.32 -63.74
-433.26 -57.83
-434.33 -50.81
-431.58 -48.12
-461.05 -15.35
-468.18 -20.92
-461.9 -32.76
-458.61 -34.82
-478.24 -68.91
-443.95 -88.94
-435.87 -76.49
-434.64 -72.76
-461.53 -59.66
-445.26 -16.15
-413.5 -24.36
-414.74 -47.68
-441.55 -49.94
-445.39 -17.39
-482.02 -20.97
-486.52 6.15
-447.9 16.43
-432.12 -29.06
-406.88 -22.37
-415.66 20.68
-390.55 30.57
-399.21 56.3
-355.57 74.03
-354.68 77.7
-316.22 71.62
-316.33 61.99
-351.4 59.55
-350.11 11.86
-332.32 7.63
-339.2 -30.28
-367.86 -27.98
-372.44 -56.52
-390.43 -55.08
-394.82 -98.26
-355.59 -103.51
-352.68 -112.63
-339.88 -113.68
-335.58 -106.15
-359.0 -90.71
-349.48 -72.33
-363.67 -64.72
-352.01 -38.42
-349.22 -34.57
-308.91 -62.04
-318.5 -76.14
-325.46 -76.67
-327.84 -57.23
-314.93 -53.54
-303.6 -77.5
-279.36 -68.17
-261.0 -103.84
-237.5 -95.23
-242.85 -70.47
-264.35 -70.45
-264.73 -45.98
-253.08 -42.6
-246.07 -64.49
-280.48 -79.24
-266.71 -121.09
-301.22 -133.7
-321.28 -90.91
-339.77 -95.73
-354.72 -48.3
-315.74 -33.82
-298.87 -78.04
-301.5 -80.14
-322.11 -54.88
-304.49 -35.35
-277.76 -54.47
-257.81 -26.63
-295.52 0.67
-306.06 -13.32
-313.16 -9.59
-322.27 -17.28
-312.93 -35.57
-334.11 -51.55
-318.7 -73.81
-348.04 -95.14
-326.0 -131.83
-299.02 -118.19
-282.08 -144.37
-298.28 -155.88
-318.95 -129.84
-345.68 -150.87
-317.76 -187.58
-355.09 -219.9
-381.06 -191.07
-357.28 -164.83
-346.14 -172.44
-337.43 -166.4
-356.6 -135.09
-341.8 -122.23
-369.64 -85.85
-365.3 -77.06
-338.68 -89.36
-339.08 -96.29
-362.8 -98.63
-365.53 -88.07
-386.91 -89.01
-391.03 -104.02
-367.11 -114.11
-354.89 -89.49
-369.79 -81.57
-349.61 -39.9
-317.75 -51.83
-323.07 -71.78
-337.98 -68.16
-347.97 -91.0
-371.79 -82.47
-387.5 -115.5
-402.89 -108.82
-423.67 -147.29
-392.97 -165.67
-407.6 -197.42
