157 275
212 218
243.0 241.87
231.39 265.02
249.4 275.41
229.28 315.73
227.34 319.11
227.2 324.54
261.57 326.21
266.05 310.27
250.57 305.26
243.0 327.17
230.02 325.55
229.48 323.38
201.15 329.69
195.24 310.37
147.52 322.65
139.81 296.82
111.61 303.57
100.99 277.09
124.99 264.37
114.32 233.7
118.77 232.0
113.73 205.29
68.06 210.31
70.79 252.24
105.43 253.79
107.16 286.75
152.19 286.39
153.9 253.38
183.66 251.55
186.45 294.16
153.82 300.52
146.09 283.65
176.8 269.48
162.23 229.13
124.56 242.5
128.32 262.79
169.52 259.12
170.58 243.24
137.83 239.81
135.03 230.93
126.23 233.49
127.66 241.03
138.03 242.69
136.19 265.63
158.75 271.79
163.24 258.33
179.84 261.97
187.36 232.18
184.26 229.35
194.43 216.91
234.25 244.26
221.85 262.63
258.45 288.02
234.43 326.3
212.45 315.24
211.74 306.25
205.68 303.71
210.65 280.61
