275 254
150 13
121.14 26.33
118.34 24.03
107.95 28.95
115.71 52.49
146.05 45.05
161.36 91.77
199.23 81.91
192.3 45.8
211.01 38.98
226.82 77.92
195.11 92.42
189.38 80.8
233.2 57.33
258.56 100.19
253.9 103.44
234.71 76.1
198.4 98.95
195.38 100.37
188.37 92.07
171.5 105.25
162.09 94.48
153.17 100.78
138.87 87.23
126.4 96.47
115.15 84.57
137.46 57.4
146.16 62.87
167.66 34.93
194.82 54.14
205.31 42.55
228.2 57.55
224.8 71.79
206.39 70.31
204.32 51.39
207.11 49.3
209.82 47.78
219.18 57.16
222.82 59.31
220.25 71.54
178.73 62.98
174.92 68.36
203.95 94.36
222.39 74.78
204.84 57.26
197.97 57.25
197.6 18.03
234.74 14.46
237.93 31.39
229.15 36.26
205.8 -2.33
177.0 11.65
167.09 -3.88
205.04 -32.6
233.42 -1.18
250.89 -10.81
270.42 20.49
312.85 -3.51
292.99 -39.01
