2 58
10 20
3.48 14.53
-17.3 33.92
-14.79 43.14
-35.52 53.46
-47.45 31.65
-91.27 55.36
-84.26 73.72
-73.68 71.95
-74.5 46.06
-43.2 43.95
-40.49 74.75
-44.02 78.21
-69.66 54.62
-87.16 67.8
-62.41 107.18
-96.52 134.1
-90.71 146.66
-70.31 140.3
-82.76 97.37
-97.43 98.71
-97.7 142.84
-140.37 144.13
-145.27 95.25
-157.76 94.82
-158.15 92.81
-137.62 88.16
-139.98 72.32
-120.09 68.11
-117.26 67.3
-113.09 64.02
-139.65 30.06
-137.41 24.88
-103.96 39.02
-110.58 65.57
-111.51 65.51
-118.57 107.39
-144.02 103.9
-140.69 74.7
-115.15 75.53
-111.74 55.27
-123.38 49.28
-106.57 15.31
-94.31 18.2
-85.84 -3.4
-68.18 2.02
-75.92 28.6
-124.0 18.67
-125.28 13.92
-162.01 21.89
-164.66 30.95
-199.71 24.02
-207.01 36.97
-251.92 15.02
-271.85 54.64
-276.64 52.35
-291.08 72.14
-310.78 62.22
-316.21 68.19
