122 243
19 157
20.85 151.03
10.43 144.1
6.74 144.45
-2.58 96.61
37.74 83.9
46.96 106.95
85.82 95.89
72.51 48.76
32.47 55.06
32.79 78.57
41.43 80.44
44.96 85.58
34.29 95.93
39.96 102.59
69.72 80.27
71.41 80.36
77.74 34.98
107.53 37.23
111.87 21.39
71.86 10.39
70.89 8.25
58.74 11.15
47.96 -21.27
82.3 -33.2
101.42 6.91
72.42 21.9
67.64 18.75
50.41 40.02
40.04 34.18
13.53 73.27
27.98 83.72
12.81 109.57
-2.02 102.16
10.62 75.77
43.87 89.74
34.36 116.34
19.86 114.34
23.01 80.05
1.81 78.06
0.75 47.12
-40.4 44.77
-38.28 -0.24
-82.21 -4.36
-81.46 -17.24
-70.66 -17.07
-66.07 -48.8
-36.72 -45.39
-33.57 -65.38
-68.29 -72.38
-63.6 -101.09
-111.72 -113.24
-122.08 -73.08
-80.73 -60.63
-68.31 -92.46
-74.49 -98.25
-45.87 -130.45
-10.72 -104.08
-25.57 -79.59
