94 93
183 39
162.84 2.9
172.16 -2.85
167.75 -12.19
142.66 -1.22
147.99 18.61
109.47 31.3
110.56 34.75
106.1 40.48
137.62 66.95
165.05 41.76
201.15 75.21
204.96 78.24
223.11 57.49
219.25 52.93
199.59 63.64
190.98 53.44
163.17 75.45
129.94 39.66
161.3 5.59
184.92 23.49
199.98 4.12
178.32 -18.69
205.57 -50.26
182.41 -75.07
164.99 -60.66
174.35 -45.45
156.0 -30.53
158.66 -20.87
185.28 -27.62
196.58 -2.77
185.5 6.62
167.69 -10.26
168.79 -13.79
144.07 -24.88
128.35 -1.17
105.66 -15.98
124.08 -52.08
133.88 -48.99
138.57 -52.35
135.4 -57.74
116.9 -49.42
103.2 -79.79
72.62 -70.77
66.88 -88.03
70.96 -90.67
60.25 -112.67
83.25 -125.3
97.93 -103.31
133.16 -122.83
159.51 -80.45
189.91 -98.12
212.38 -64.57
241.15 -78.72
252.94 -56.19
281.37 -68.01
281.2 -77.42
301.16 -78.06
303.51 -83.59
