217 287
13 227
17.6 194.79
5.06 192.51
7.14 165.86
52.83 166.28
55.3 186.01
49.66 188.74
46.93 191.23
23.15 171.02
44.02 146.24
64.5 158.03
68.64 151.62
35.96 128.08
11.66 157.68
26.32 175.24
8.94 190.66
24.04 209.87
4.67 226.86
-14.46 211.39
-34.63 235.63
-70.78 208.22
-56.98 182.74
-63.0 176.64
-84.87 192.15
-67.28 219.86
-67.36 220.89
-85.09 221.69
-88.86 198.28
-78.11 194.37
-70.76 201.09
-100.73 239.11
-108.93 238.9
-112.07 241.65
-147.53 207.32
-173.18 229.66
-150.0 258.42
-164.61 270.47
-154.61 284.87
-122.01 264.44
-129.45 245.71
-115.42 236.13
-125.61 220.74
-165.27 245.98
-143.91 281.97
-135.96 282.44
-135.74 326.65
-98.64 327.79
-98.44 367.19
-90.11 371.23
-101.72 395.79
-97.05 403.46
-120.17 418.24
-147.21 381.17
-180.76 403.36
-180.71 408.07
-171.03 411.35
-175.75 439.52
-183.09 440.27
-183.73 439.28
-176.54 428.96
-155.68 437.77
-143.24 412.08
-121.48 420.87
-104.76 388.76
-106.27 382.73
-88.52 373.66
-80.99 386.64
-109.63 406.17
-92.91 439.2
-58.41 425.96
-62.35 407.89
-40.44 401.89
-44.08 386.05
-35.67 381.94
-26.02 398.03
-31.79 405.57
-67.93 380.74
-78.35 389.02
-107.06 360.75
