120 225
209 15
210.81 15.53
204.8 41.74
206.69 43.09
202.15 52.95
235.05 73.05
236.01 75.69
218.77 86.78
205.01 73.17
203.64 74.26
187.82 61.57
182.05 68.39
199.44 84.14
205.92 82.59
209.61 87.44
207.95 91.49
187.71 87.17
189.81 65.24
218.17 63.48
224.76 97.38
199.66 103.31
200.23 126.64
176.56 127.45
174.66 133.93
180.56 139.34
179.37 145.68
166.21 144.92
163.73 170.32
143.23 170.34
142.64 202.05
126.27 204.44
124.45 196.3
100.35 196.87
96.49 213.94
64.4 210.74
64.52 185.11
42.45 181.45
37.33 185.14
18.42 159.44
-7.07 173.12
-24.14 143.41
-57.66 158.3
-48.9 179.48
-80.1 195.42
-85.54 193.53
-77.98 167.03
-30.46 178.72
-18.5 142.38
-21.64 137.01
-32.4 139.33
-46.5 95.38
-23.27 83.81
-35.46 53.19
-41.42 53.94
-41.71 77.07
-31.11 81.44
-17.86 50.75
-40.01 40.36
-39.16 37.79
-0.61 46.48
8.5 11.95
12.44 12.28
19.02 -24.29
64.0 -17.67
68.02 -43.9
28.76 -54.84
28.17 -61.27
50.25 -63.71
52.61 -71.97
20.58 -84.45
27.09 -102.76
6.18 -114.86
10.74 -124.1
44.23 -110.57
60.85 -140.13
67.75 -137.43
64.41 -117.3
58.77 -113.53
59.73 -107.28
