26 12
285 206
281.07 211.26
310.52 233.49
305.93 245.61
326.56 256.61
320.71 268.88
303.39 265.81
303.22 245.28
264.92 240.67
259.91 261.75
218.61 255.97
209.61 291.11
233.86 297.48
244.41 271.51
266.92 280.03
286.53 239.43
287.06 239.14
281.79 227.16
257.81 234.51
251.75 217.72
213.14 226.79
210.9 228.84
204.08 228.37
201.41 223.22
234.06 201.1
260.41 236.37
282.07 221.85
284.76 221.57
285.87 220.95
265.34 182.93
250.5 185.58
246.98 190.67
267.26 207.03
293.08 177.43
312.2 191.91
305.44 202.39
320.76 212.82
299.06 245.72
313.6 257.63
298.3 276.74
260.28 248.84
247.81 262.68
215.67 234.63
225.49 221.88
214.11 210.84
229.35 194.07
261.02 217.01
263.34 220.79
255.86 226.03
251.88 226.37
248.22 210.33
230.72 211.39
228.63 209.15
255.52 183.08
236.68 157.46
214.15 168.96
229.39 201.99
200.85 219.4
199.14 222.38
182.34 212.77
174.67 223.99
177.85 232.16
195.22 230.39
196.07 210.71
173.44 209.43
170.89 198.22
217.43 183.73
232.5 227.95
203.74 238.08
207.24 251.53
192.24 255.45
195.07 281.91
201.3 284.65
186.94 322.32
161.1 313.03
164.02 291.86
209.51 295.88
209.14 333.65
231.12 336.75
