224 2
260 88
277.98 83.41
278.71 78.57
313.07 82.17
317.77 79.57
315.36 64.99
309.2 61.92
301.57 66.87
273.1 30.65
271.94 31.28
250.91 -0.13
212.35 23.11
199.19 1.51
220.25 -13.6
206.62 -40.09
233.9 -55.87
225.48 -79.7
206.54 -73.5
210.58 -55.2
202.74 -51.42
219.42 -15.78
214.23 -12.09
227.99 11.32
236.83 11.39
238.23 -37.65
279.11 -36.92
283.73 -31.02
307.45 -43.98
306.88 -45.04
345.01 -66.77
363.7 -35.8
365.97 -33.67
370.08 -34.57
364.59 -68.7
394.26 -77.22
398.96 -62.9
404.34 -63.49
405.13 -77.42
400.91 -81.5
380.69 -63.83
380.21 -62.77
371.62 -65.2
366.52 -54.24
407.98 -31.46
423.36 -50.8
413.33 -60.61
438.08 -87.23
431.84 -95.85
440.95 -105.43
407.6 -137.32
419.95 -153.19
452.1 -130.48
450.57 -119.71
455.55 -117.88
453.77 -104.67
477.9 -98.22
478.59 -96.74
493.91 -100.76
506.6 -59.25
532.59 -66.3
534.38 -60.62
551.95 -64.07
561.57 -18.21
542.17 -13.4
540.99 -12.16
560.02 11.49
597.07 -12.93
574.27 -52.23
612.48 -77.86
633.19 -50.75
613.83 -32.07
620.28 -20.18
642.46 -28.94
644.35 -34.56
637.68 -38.22
647.33 -60.73
652.5 -60.5
655.78 -40.35
662.43 -36.95
