131 200
175 242
210.85 211.59
237.94 235.85
242.02 238.15
234.75 256.52
212.64 250.59
213.32 236.93
209.45 233.17
222.62 217.91
220.81 211.46
215.48 209.54
206.11 227.45
198.97 227.94
195.59 237.73
182.28 238.23
183.69 282.42
180.37 284.08
166.62 266.06
202.69 234.55
198.66 229.89
209.28 219.86
237.12 245.06
265.84 216.88
293.18 240.73
323.65 212.07
299.72 183.15
314.55 167.17
328.8 173.65
313.79 207.98
339.22 222.34
354.95 203.97
320.66 173.86
291.03 204.5
262.68 177.52
248.61 191.59
280.09 224.31
266.28 238.69
274.05 251.86
282.85 247.25
299.88 275.95
340.14 253.8
351.88 267.24
366.52 255.34
344.29 227.01
313.8 245.93
328.93 278.41
300.88 292.92
292.9 277.73
323.66 258.22
305.02 220.55
298.52 219.81
298.91 210.11
281.95 205.64
289.82 160.25
278.88 157.46
273.13 179.56
288.67 185.95
275.41 226.84
301.44 236.69
314.93 210.16
309.91 206.51
316.56 192.64
321.9 194.8
343.19 152.54
374.37 166.68
362.18 196.61
347.82 194.8
340.6 232.17
354.37 237.56
355.09 236.77
362.25 241.82
347.95 267.46
348.69 270.08
309.02 281.67
303.48 266.22
288.08 268.56
286.67 264.09
298.99 256.87
314.11 276.65
