129 7
197 230
211.09 230.67
214.04 261.4
242.75 260.59
245.35 303.95
283.24 303.62
285.11 256.03
325.38 255.16
328.33 282.3
355.93 279.94
352.42 236.03
352.71 231.64
364.7 228.59
376.4 261.2
396.96 257.05
390.01 215.22
345.22 221.23
347.2 270.62
309.28 276.24
306.89 284.83
329.82 295.82
343.48 278.19
363.24 287.96
372.65 269.61
399.05 278.21
385.26 325.49
367.98 325.53
365.95 329.72
341.12 321.8
345.83 303.85
371.15 308.2
368.41 335.81
362.34 336.31
362.76 363.24
353.59 364.9
343.08 334.59
360.93 323.88
348.79 299.2
362.63 290.77
342.16 247.7
316.79 258.87
307.35 239.27
327.89 225.24
314.51 197.99
277.84 213.11
267.51 194.65
241.48 205.02
237.74 208.35
209.12 183.38
238.0 144.64
268.06 165.53
247.14 197.75
267.52 215.77
286.64 200.95
294.21 205.38
302.98 193.79
292.05 183.34
316.24 153.79
326.72 161.68
326.31 166.49
309.14 167.89
301.44 127.04
330.02 116.94
316.81 69.28
277.73 75.36
277.6 79.18
254.38 79.11
251.53 126.74
289.29 133.22
292.03 138.8
318.86 125.87
317.55 117.12
303.27 117.26
303.24 123.69
330.98 125.8
328.67 164.53
375.54 167.76
378.04 185.12
369.9 189.55
348.76 160.01
340.07 163.74
328.71 143.67
341.54 130.96
343.03 125.85
296.78 109.12
280.5 148.76
320.09 168.29
323.37 168.58
331.02 139.19
289.39 126.14
284.1 136.88
246.83 121.33
248.99 107.99
221.54 102.07
218.31 101.91
215.87 148.72
242.98 150.39
247.62 122.49
213.79 115.33
219.47 82.0
248.84 84.55
251.12 83.52
258.62 88.56
248.84 110.52
223.12 100.65
225.32 86.38
260.29 91.14
261.98 112.63
227.26 118.97
219.42 96.11
198.32 100.81
194.79 97.28
186.47 99.23
195.41 147.51
171.28 156.95
184.68 204.79
159.87 214.09
165.89 235.51
139.29 244.9
129.67 223.29
140.97 214.87
162.75 238.64
165.78 240.79
166.46 242.75
167.68 243.14
175.1 221.92
214.46 234.72
224.74 204.94
216.22 198.17
192.86 226.88
154.38 198.42
154.99 189.4
183.82 191.06
188.98 157.22
191.54 153.49
206.86 160.96
221.8 133.6
245.93 143.01
243.39 160.66
250.15 163.35
246.31 180.71
285.91 194.45
286.09 194.7
311.82 179.14
337.63 215.84
357.19 204.82
351.17 188.98
363.01 179.54
343.93 148.18
382.64 119.13
400.63 134.83
400.44 142.48
403.82 145.74
412.2 142.32
423.44 167.59
427.32 166.57
418.57 122.09
445.42 114.77
461.77 160.76
482.52 153.52
474.27 118.86
506.48 108.64
502.97 81.78
536.97 75.85
539.92 72.26
560.9 87.74
559.31 95.32
567.11 97.47
554.75 143.48
596.71 157.62
604.33 147.72
636.16 166.75
614.33 206.44
604.45 205.16
595.89 247.49
570.42 243.8
568.14 252.65
555.03 251.18
555.1 230.65
