48 256
238 95
242.73 98.79
223.86 127.92
235.72 140.48
247.31 129.57
230.8 107.74
216.49 115.99
201.94 98.24
190.43 103.13
206.78 149.14
230.61 145.7
237.22 169.41
204.11 183.47
195.7 166.88
231.77 144.46
243.32 162.13
271.42 144.7
284.29 157.74
290.35 156.2
300.38 188.73
308.51 191.32
309.82 202.58
283.9 210.13
290.68 244.53
337.78 237.74
346.85 265.7
319.24 277.21
312.43 265.87
308.25 264.81
303.25 283.83
305.05 288.92
259.17 308.8
256.28 305.46
234.8 322.12
203.44 288.86
167.31 318.81
182.5 343.86
186.43 347.09
199.76 332.34
176.01 305.69
188.5 290.43
181.64 281.95
153.16 301.13
151.22 302.17
167.39 340.49
122.76 363.02
103.78 326.46
146.68 303.17
157.94 323.68
190.55 310.14
187.79 300.85
168.89 303.25
168.56 308.93
183.93 312.49
179.14 352.01
189.83 355.04
178.99 399.72
226.65 412.79
225.21 424.79
197.61 422.42
190.38 462.14
209.29 466.84
216.17 439.31
264.87 450.52
269.73 450.48
274.04 463.36
232.45 480.72
218.09 459.06
195.38 472.36
181.66 457.34
191.07 447.42
204.71 454.82
205.65 460.76
249.0 457.35
249.62 458.66
216.9 479.57
191.45 448.76
172.73 462.97
190.73 488.67
190.47 489.38
199.47 496.52
205.02 494.09
205.13 490.52
187.6 489.7
186.26 456.32
231.07 452.17
234.46 448.79
258.53 467.08
252.21 476.35
245.17 472.47
266.73 432.71
244.82 420.02
224.12 451.14
262.3 477.74
266.76 471.36
306.19 495.31
330.66 458.3
340.1 461.68
336.98 477.18
352.9 484.01
367.41 454.98
375.23 453.66
380.57 463.25
405.54 452.1
413.95 464.04
386.21 485.16
409.64 519.66
440.47 501.24
442.05 496.99
469.64 503.92
468.93 521.54
464.98 521.4
462.83 564.65
426.47 564.11
426.35 564.18
413.78 544.93
444.99 519.76
462.11 537.49
491.89 510.24
524.92 539.66
560.13 505.79
535.25 478.01
560.3 450.96
540.51 431.97
542.82 424.91
552.08 425.47
556.04 408.2
585.27 410.42
590.9 374.63
598.98 372.25
590.2 327.46
614.66 319.37
625.69 350.96
643.46 349.67
646.06 360.98
640.46 364.57
621.45 341.7
649.67 311.85
655.11 310.45
649.16 281.8
620.8 286.77
614.36 263.67
589.92 268.67
579.8 227.33
586.06 225.07
585.92 220.2
616.86 215.06
615.35 176.21
569.67 177.59
569.62 188.81
602.31 191.23
607.32 181.06
590.25 171.55
602.44 142.16
621.53 147.88
613.34 176.68
639.92 184.48
648.43 170.82
646.52 167.01
657.73 158.54
680.6 180.8
663.75 198.46
681.48 215.71
676.19 227.44
707.8 244.16
721.22 225.54
711.48 213.73
715.31 207.94
743.49 222.79
757.97 202.87
787.05 218.97
781.91 229.8
824.51 253.12
816.7 276.06
832.22 286.0
840.03 274.83
835.13 266.23
825.1 268.92
810.37 222.47
