56 134
55 183
66.65 187.95
79.52 160.77
49.75 141.48
46.56 137.42
72.11 116.29
64.06 103.45
87.78 83.28
78.91 71.24
91.87 60.7
84.68 46.84
65.5 55.3
49.36 25.3
24.34 36.07
35.37 68.78
61.58 64.11
59.49 28.19
57.4 27.38
69.17 -4.94
99.38 2.86
89.8 41.62
128.41 53.18
130.8 56.0
154.9 37.57
129.64 -3.24
99.5 15.38
72.65 -18.69
107.18 -47.96
114.34 -40.98
97.99 -22.69
92.63 -23.31
85.88 -6.1
115.82 8.02
123.03 -3.06
133.76 1.17
143.9 -14.31
133.56 -24.3
120.34 -13.94
114.58 -20.8
116.35 -27.92
77.76 -41.46
78.39 -51.18
52.44 -52.93
47.12 -4.72
40.82 -2.6
39.12 1.85
53.25 12.57
36.53 38.41
5.44 23.9
11.27 8.55
-9.43 -1.01
-25.18 24.69
3.59 43.32
-9.2 64.71
0.67 76.43
26.35 60.22
29.42 64.35
51.93 51.17
61.42 65.24
32.23 90.77
50.4 113.57
46.16 121.47
64.95 132.08
52.58 155.28
44.7 151.66
31.12 180.58
63.2 200.79
41.59 242.45
83.31 267.5
105.89 236.91
120.21 244.33
122.93 243.25
122.73 234.3
125.79 231.55
129.94 235.86
126.44 245.36
88.95 232.48
74.65 262.47
34.98 245.35
26.55 253.25
43.22 274.52
10.06 301.83
20.29 317.44
1.46 331.05
-13.06 318.11
11.77 283.96
51.68 312.81
44.3 326.93
54.93 335.31
83.07 304.8
59.32 276.43
34.48 294.68
13.56 266.77
22.88 256.03
-12.57 222.24
13.67 191.53
43.7 213.08
24.62 247.74
55.58 265.12
61.59 259.82
90.9 291.37
110.17 275.77
102.82 262.01
62.57 282.29
71.78 301.8
97.27 292.93
98.8 291.86
121.48 320.9
134.35 312.81
127.79 296.25
89.94 309.13
75.47 274.58
70.77 274.86
68.2 299.71
50.78 301.51
49.48 321.73
52.48 326.0
32.02 341.9
48.53 369.08
76.11 356.08
74.79 346.99
86.17 343.01
103.6 380.35
96.1 385.89
74.43 358.31
96.33 337.4
101.03 338.01
100.92 366.49
140.11 370.63
145.41 353.31
116.87 339.87
108.31 352.31
89.53 344.94
102.62 307.48
120.62 312.25
129.56 281.2
121.45 278.05
127.49 254.37
142.92 255.67
145.68 277.45
149.65 278.56
141.14 321.56
100.11 315.14
95.29 319.59
115.88 343.32
127.53 337.81
128.88 334.6
102.87 320.77
109.35 307.5
139.3 319.53
144.88 313.27
150.17 316.18
175.88 277.18
198.26 291.59
179.81 325.51
187.95 330.79
201.04 311.58
162.57 284.44
167.92 270.26
141.22 257.4
134.85 269.49
155.7 284.89
133.96 314.84
126.71 313.38
120.5 332.27
108.53 329.33
103.81 329.42
101.2 299.2
128.76 294.47
123.34 249.61
107.54 249.6
105.06 277.7
135.71 283.44
144.2 263.98
181.07 279.4
192.52 255.01
213.72 261.46
221.69 251.8
228.03 255.72
