194 211
8 114
-12.86 146.7
-12.34 148.45
22.82 141.83
19.04 111.26
16.86 110.1
29.92 81.25
-6.93 62.66
1.38 37.5
-10.57 29.04
-34.82 58.55
-38.69 56.8
-60.18 95.63
-27.57 118.16
-44.51 150.77
-37.53 154.94
-24.74 141.07
-55.37 111.89
-72.31 129.34
-45.42 157.98
-47.99 164.77
-78.91 156.49
-76.89 131.64
-29.57 132.87
-29.7 163.34
-20.17 167.69
-22.0 172.81
-6.18 180.46
-22.32 222.12
11.53 238.89
29.23 213.66
48.25 225.67
32.84 256.17
67.61 278.43
86.22 253.86
127.94 280.14
107.7 320.79
101.55 321.57
101.02 357.06
129.66 359.26
134.8 354.63
154.77 370.41
168.7 354.6
191.37 371.45
179.66 389.36
158.24 376.99
143.06 398.45
142.97 400.08
122.46 402.4
119.2 417.15
150.16 427.05
163.0 398.86
144.87 386.14
122.36 412.77
157.73 443.59
129.5 481.1
139.75 492.85
118.61 512.77
84.76 477.69
48.2 507.75
36.98 501.35
36.46 500.48
10.37 515.71
-17.27 475.7
-52.48 498.64
-81.92 458.3
-101.7 471.48
-111.34 461.92
-129.52 475.86
-143.75 465.46
-163.17 486.92
-195.1 462.6
-198.38 465.73
-217.72 445.5
-189.7 416.01
-223.1 381.93
-193.41 352.21
-178.06 362.6
-169.79 355.43
-189.77 325.67
-175.01 310.39
-139.68 341.0
-156.79 365.46
-157.74 368.18
-180.26 363.97
-181.37 348.95
-175.37 346.39
-186.86 308.56
-170.8 302.13
-160.26 320.63
-200.99 348.22
-212.72 337.18
-179.14 301.41
-212.96 267.97
-212.9 261.2
-194.15 258.05
-193.29 249.76
-201.52 244.43
-215.4 263.26
-249.78 239.84
-255.42 240.9
-249.96 287.0
-260.62 290.96
-252.34 323.35
-254.24 324.91
-227.88 363.11
-241.76 373.36
-213.49 414.32
-244.63 440.52
-265.01 420.54
-264.71 414.74
-242.45 411.82
-244.64 381.59
-214.61 376.08
-202.88 420.09
-242.49 435.19
-256.05 413.39
-216.5 384.68
-227.43 366.74
-212.16 356.45
-228.43 323.97
-229.85 324.13
-231.88 349.58
-195.33 356.77
-193.92 364.17
-186.66 365.48
-176.01 325.18
-151.05 330.83
-149.35 327.85
-185.81 306.04
-163.79 268.78
-181.9 256.55
-194.59 273.2
-206.87 266.61
-226.14 294.72
-234.27 292.62
-246.01 335.36
-247.87 339.44
-236.62 345.68
-225.94 329.37
-188.61 349.24
-185.65 346.16
-178.86 352.01
-172.05 350.02
-176.38 321.14
-136.58 313.41
-141.03 269.12
-152.53 269.98
-151.82 297.13
-196.47 299.57
-197.04 337.18
-199.48 341.35
-244.65 320.76
-244.56 312.43
-211.55 308.33
-206.41 324.84
-191.05 320.52
-181.27 340.93
-156.0 329.8
-144.59 352.61
-103.69 332.45
-83.54 365.56
-105.47 380.48
-101.72 388.64
-62.69 375.56
-66.25 358.25
-115.72 363.31
-119.01 341.31
-79.24 334.43
-71.82 354.36
-96.42 367.46
-88.74 388.81
-105.7 398.3
-91.37 426.71
-53.1 411.59
-36.31 446.97
8.1 430.59
2.74 409.31
-40.88 418.02
