297 167
80 272
54.1 229.64
87.39 206.84
105.31 228.21
142.3 198.98
124.66 171.29
157.15 149.8
159.24 151.8
168.38 143.42
147.4 118.23
109.27 146.81
132.2 185.64
112.6 201.66
92.94 182.55
83.62 188.5
63.63 163.62
77.04 150.73
44.28 115.56
37.09 121.89
44.97 137.7
7.15 157.73
-13.11 120.18
23.64 95.58
46.18 121.32
17.4 146.85
33.41 168.92
6.15 192.04
-14.28 173.82
-28.15 184.06
-8.9 210.45
-21.56 225.09
-23.51 226.92
-5.64 252.12
0.3 253.17
-0.78 273.77
-14.84 277.06
-19.69 277.1
-21.22 239.59
-0.43 236.41
-3.64 193.76
40.39 190.02
40.8 154.58
24.89 153.85
20.83 193.47
51.31 199.95
50.67 208.51
71.84 213.12
81.69 187.51
44.59 170.81
44.95 158.69
68.66 158.18
69.02 135.26
40.8 134.79
38.48 146.33
73.56 153.77
84.27 107.39
125.15 113.94
127.92 122.53
121.94 129.57
88.56 105.07
110.55 72.49
137.52 85.48
119.11 127.35
125.45 132.65
156.69 99.37
182.88 118.18
207.8 88.74
217.31 92.84
234.53 53.47
206.54 39.59
181.6 81.08
171.68 80.16
165.67 102.98
163.54 105.9
176.05 118.36
165.51 135.27
143.56 121.73
149.46 107.09
109.41 87.56
93.68 118.92
120.69 134.25
109.78 156.4
89.28 146.78
80.17 160.87
74.82 158.57
80.6 139.87
47.2 128.97
50.51 105.28
95.45 109.37
96.83 138.2
127.38 136.74
126.63 115.3
161.5 111.92
169.77 151.14
183.95 153.06
185.05 180.1
202.18 181.7
198.91 216.8
201.22 219.79
224.8 201.71
195.96 162.53
234.06 132.79
238.97 134.61
226.08 169.38
180.83 157.65
177.24 165.47
191.1 175.98
201.67 163.66
205.31 163.01
203.77 126.85
178.62 124.1
178.13 126.05
157.06 123.1
156.58 100.46
119.23 100.75
114.52 137.93
97.04 138.03
96.05 120.18
130.26 115.09
126.52 69.14
113.13 69.05
111.29 84.53
62.46 80.86
59.46 99.2
19.72 95.53
21.45 46.57
30.74 43.77
32.87 34.87
5.09 26.6
1.18 28.21
-15.87 -2.07
19.14 -22.86
5.82 -47.62
38.38 -68.42
27.37 -91.97
10.17 -89.0
3.43 -111.35
6.52 -115.56
-26.16 -139.97
-13.94 -163.55
21.49 -145.81
15.44 -133.33
-30.34 -152.45
-50.04 -114.45
-88.65 -133.22
-80.99 -150.35
-83.26 -155.67
-123.52 -140.57
-139.13 -172.23
-160.28 -163.75
-156.01 -143.87
-145.53 -142.4
-139.24 -152.37
-147.25 -158.39
-155.12 -154.95
-142.13 -121.13
-159.65 -113.36
-148.9 -77.22
-148.54 -74.55
-157.32 -72.23
-166.81 -92.22
-160.97 -97.94
-194.42 -132.22
-193.84 -136.37
-151.11 -132.26
-142.72 -171.85
-105.15 -167.27
-101.06 -188.14
-90.1 -186.21
-86.34 -197.68
-119.21 -208.98
-131.89 -174.36
-175.41 -187.49
-186.66 -165.38
-173.55 -158.03
-184.16 -135.5
-227.59 -152.29
-219.57 -174.99
-260.69 -192.33
