48 277
228 64
206.44 45.77
184.62 65.14
157.71 35.55
159.66 29.19
185.4 35.1
195.51 7.96
157.43 -7.93
139.81 25.21
168.1 42.16
162.56 55.21
177.21 63.17
190.15 48.94
157.42 13.54
119.87 44.51
112.9 37.24
115.82 30.91
124.99 31.34
127.64 -12.11
138.49 -15.46
147.77 5.28
172.91 -3.08
170.23 -16.03
149.16 -16.47
148.42 -59.33
192.98 -61.34
192.05 -104.07
165.23 -104.38
162.47 -151.38
201.55 -153.91
202.0 -176.3
195.93 -180.29
176.74 -156.37
142.51 -183.41
136.85 -180.43
127.47 -196.72
113.24 -192.5
102.2 -216.31
83.75 -209.02
80.23 -209.27
76.84 -185.18
61.22 -183.03
65.89 -145.01
29.39 -136.2
20.1 -164.06
41.52 -173.47
37.9 -192.59
48.9 -196.18
59.38 -165.57
85.21 -171.84
80.76 -191.29
121.61 -201.28
129.36 -176.17
131.37 -174.9
117.87 -146.97
84.57 -161.46
101.28 -201.38
98.87 -206.83
134.97 -226.91
143.63 -218.88
171.06 -245.08
144.62 -278.75
159.91 -292.57
182.1 -274.25
171.77 -259.79
204.44 -231.9
177.97 -196.96
185.39 -186.18
169.44 -172.24
171.77 -165.53
205.98 -177.01
214.6 -157.35
219.43 -157.18
222.18 -188.11
177.4 -196.04
167.01 -161.12
134.24 -167.69
125.53 -144.5
112.25 -148.03
99.56 -113.88
91.91 -112.1
91.59 -107.13
108.7 -103.57
103.67 -56.29
94.89 -55.29
90.42 -61.79
91.98 -68.58
43.8 -80.57
40.09 -81.07
44.57 -118.87
-0.59 -125.4
-6.8 -117.36
2.46 -109.58
-5.35 -95.5
8.89 -86.1
12.14 -87.68
6.9 -106.39
-14.17 -104.36
-19.11 -118.17
-32.55 -115.06
-37.64 -122.49
-46.15 -120.69
-57.02 -160.32
-45.66 -163.51
-51.46 -184.92
-68.79 -182.66
-79.82 -230.62
-35.27 -245.5
-19.64 -213.98
-60.5 -192.85
-76.32 -214.57
-102.15 -200.81
-113.92 -212.61
-110.08 -222.15
-124.44 -228.59
-144.92 -191.39
-110.04 -167.78
-132.15 -130.73
-132.82 -127.57
-118.91 -122.47
-116.2 -122.43
-112.14 -124.27
-101.45 -101.84
-72.81 -110.76
-73.22 -120.04
-94.51 -122.03
-98.89 -84.35
-50.11 -78.17
-39.93 -120.28
-77.01 -130.33
-79.24 -137.22
-82.05 -139.05
-101.43 -113.22
-67.57 -87.76
-47.15 -109.91
-11.63 -83.96
-38.52 -44.28
-19.4 -28.7
-10.34 -36.9
21.57 -6.69
51.49 -37.08
87.42 -8.27
100.79 -23.03
114.58 -11.89
109.32 -5.24
121.63 8.76
89.64 40.68
73.27 25.61
39.06 57.04
70.66 91.64
99.29 65.97
128.82 96.08
159.34 66.28
140.57 44.97
172.76 10.61
157.24 -4.9
156.79 -8.06
202.56 -16.11
196.95 -52.18
