15 56
275 223
268.28 241.15
304.37 256.27
289.49 303.74
315.42 314.73
299.73 359.45
338.71 374.73
330.92 402.62
347.3 407.2
357.79 370.47
337.91 363.78
343.97 331.6
337.76 330.29
341.36 294.19
381.1 295.04
383.09 269.59
355.15 263.19
359.97 237.87
342.26 231.9
353.81 187.69
308.08 172.63
310.56 162.57
351.67 170.41
354.34 164.21
334.57 152.39
342.53 134.64
335.43 130.82
314.64 163.85
320.94 169.08
293.89 202.37
291.73 200.89
310.42 170.69
339.24 187.74
332.46 208.01
310.45 204.57
306.45 198.14
262.34 220.66
239.03 185.69
209.48 203.09
205.37 197.92
242.45 165.8
238.08 159.23
257.58 142.85
281.51 166.5
281.02 168.47
263.84 167.15
265.27 127.42
257.6 124.51
236.67 168.72
208.13 158.76
201.91 165.16
214.73 180.23
235.65 163.06
219.24 137.46
235.27 122.2
269.71 154.3
301.93 123.6
308.21 126.79
316.01 112.5
279.3 88.63
280.45 83.4
253.3 74.76
262.96 28.7
280.73 30.71
284.22 25.5
307.9 35.37
317.94 13.01
326.96 16.02
339.49 -6.6
382.28 13.57
370.66 43.44
343.92 35.7
347.45 5.82
329.36 2.14
330.86 -17.81
299.73 -20.46
295.35 -25.57
304.64 -34.47
295.47 -47.76
296.61 -50.96
344.34 -39.25
345.22 -31.21
364.17 -30.72
365.55 -59.21
364.23 -61.24
394.53 -82.35
415.32 -57.65
384.11 -26.55
368.61 -35.82
354.71 -21.08
340.85 -34.11
343.23 -40.33
385.94 -25.56
381.7 -9.2
375.6 -7.02
389.51 33.68
355.71 48.53
336.55 5.98
331.54 3.76
312.24 36.91
330.63 53.13
334.07 49.49
320.48 36.45
341.85 9.55
360.96 20.04
376.6 -4.07
357.92 -19.7
384.76 -57.59
413.33 -38.74
434.86 -71.02
477.94 -46.61
502.52 -86.9
473.36 -107.23
446.01 -71.23
467.01 -50.67
492.12 -76.0
490.3 -82.26
450.18 -72.25
444.92 -76.02
430.46 -59.79
445.74 -42.92
462.37 -51.42
444.96 -89.07
434.0 -84.99
441.27 -55.34
425.51 -49.07
429.1 -38.88
434.48 -39.28
438.97 -32.42
417.32 -15.28
393.41 -39.02
397.05 -43.17
403.7 -38.07
379.74 -3.99
406.67 20.02
404.01 28.38
416.04 32.56
421.75 24.18
459.26 44.06
458.38 55.39
478.29 60.03
475.22 79.45
457.84 81.64
452.68 50.07
416.78 55.6
422.94 103.13
404.01 109.26
405.31 123.47
402.24 126.64
380.81 109.24
387.43 95.46
409.04 102.82
398.93 144.0
422.88 154.73
418.41 168.11
430.57 175.06
444.01 157.86
472.76 176.96
484.51 164.77
