65 163
5 273
-12.66 266.58
-7.95 247.72
-46.39 238.08
-44.33 224.45
-32.36 226.15
-28.5 214.87
5.76 226.43
2.84 236.69
29.76 248.95
17.78 276.62
-22.82 263.48
-40.78 307.55
3.28 329.21
-0.41 344.73
-43.3 338.43
-50.0 367.15
-94.48 361.54
-96.75 348.04
-75.95 339.58
-59.49 377.0
-77.23 386.77
-94.95 364.96
-69.52 339.1
-36.82 366.71
-60.34 399.97
-60.88 399.94
-64.16 432.17
-69.37 433.47
-71.48 430.58
-45.38 409.52
-22.44 431.21
-47.01 464.36
-65.19 455.97
-58.96 441.27
-54.82 442.36
-54.72 460.91
-30.23 463.12
-25.47 463.27
-22.91 479.12
-29.24 482.61
-31.14 487.37
-2.29 502.25
2.73 494.23
-33.61 470.46
-23.05 448.94
-14.86 448.35
-13.21 437.86
5.66 439.73
9.99 407.63
-29.02 398.04
-26.44 376.35
-32.07 374.25
-25.11 350.38
-23.92 347.87
-50.71 330.46
-78.56 367.57
-78.14 371.76
-69.1 373.91
-59.56 339.18
-23.15 344.65
-18.1 315.16
-3.09 317.52
5.46 281.35
25.83 285.91
30.5 286.44
32.88 298.4
52.52 297.94
53.27 301.44
102.78 295.82
100.22 256.15
78.27 255.16
76.32 275.86
101.18 282.66
90.4 322.48
80.78 323.47
75.31 289.76
109.46 282.44
119.8 320.23
94.98 328.69
105.52 368.23
118.26 369.74
117.45 382.94
119.45 386.01
98.1 402.21
118.86 430.65
81.99 459.72
92.17 477.33
112.8 466.98
96.26 427.11
100.04 424.36
114.61 438.36
116.55 437.75
134.73 480.03
159.34 471.99
159.23 463.03
158.31 462.89
149.06 497.81
188.25 511.84
180.47 536.98
198.38 545.53
202.47 545.46
202.92 526.8
202.23 526.59
200.85 530.74
201.84 532.26
230.46 516.76
208.41 474.15
218.26 466.44
229.45 475.83
236.63 474.13
238.88 471.94
244.85 471.93
248.66 492.5
212.62 502.29
210.24 500.97
219.93 482.44
184.49 458.36
209.62 419.57
223.0 423.57
224.47 422.83
212.61 392.19
210.49 388.15
224.09 377.79
227.58 380.69
209.82 406.11
223.97 420.92
248.6 397.63
263.38 412.7
241.24 440.46
210.89 420.08
215.52 409.19
212.64 405.42
177.86 426.65
155.23 389.61
186.17 370.03
192.64 374.86
208.91 358.39
239.91 384.55
233.93 393.88
193.71 370.95
197.39 359.79
180.42 354.15
184.56 327.11
149.2 319.76
154.56 290.29
192.23 292.34
193.18 313.43
210.77 313.29
213.48 286.14
206.4 281.99
205.03 281.61
204.03 279.45
194.95 279.24
190.9 257.47
154.57 262.55
154.08 270.1
167.22 271.31
171.68 238.79
