242 61
238 68
200.28 47.37
196.65 45.23
195.39 42.16
219.42 28.13
213.85 16.16
215.72 11.89
240.24 21.73
228.4 56.2
250.23 67.4
268.84 40.96
265.83 34.57
298.62 17.39
322.14 57.64
345.17 49.66
351.15 64.86
316.84 81.78
323.89 103.94
283.47 117.64
268.14 84.8
222.13 101.12
212.94 81.56
235.47 69.82
243.39 76.96
275.48 48.54
253.25 20.4
248.4 22.75
250.06 37.53
221.74 45.69
216.75 32.84
198.35 38.53
193.52 25.14
169.74 32.13
151.31 -14.54
127.46 -8.03
119.69 -17.87
104.88 -8.12
105.44 -6.45
68.56 7.62
80.28 38.53
109.52 29.2
104.0 7.17
87.45 11.23
80.47 -4.33
39.06 14.11
38.04 15.0
33.3 14.47
31.17 -9.57
10.38 -9.54
6.1 -57.89
26.39 -60.07
25.53 -75.6
29.4 -79.38
4.05 -105.59
-33.39 -72.43
-7.04 -39.47
18.04 -55.51
23.53 -51.91
34.99 -69.1
45.5 -62.71
25.62 -25.26
59.64 -5.37
87.34 -46.51
125.91 -22.06
155.99 -60.99
179.33 -45.07
175.06 -33.91
169.05 -32.98
168.65 -3.64
131.99 0.03
132.25 23.95
144.22 25.0
143.45 51.38
149.18 52.55
156.26 31.98
180.19 37.98
181.64 46.38
142.23 53.65
141.08 68.45
109.27 70.75
105.51 56.92
121.61 50.65
124.65 54.86
95.86 78.39
69.94 47.43
83.09 34.92
70.5 14.77
74.03 7.95
105.92 22.41
108.57 27.03
102.6 30.74
119.39 59.08
91.62 78.49
71.26 53.02
106.62 20.05
89.31 -2.55
117.61 -28.28
149.27 5.17
129.74 25.91
93.85 -7.37
62.57 19.92
41.5 -3.82
38.53 -5.81
17.75 21.4
51.89 51.54
56.44 48.15
47.13 33.35
46.4 31.72
82.79 10.21
101.42 35.82
90.36 49.0
88.2 50.84
88.04 55.69
128.17 60.58
130.81 47.96
176.68 55.47
178.22 69.31
167.75 71.04
159.27 34.65
172.18 28.01
174.04 30.16
155.25 51.63
188.55 81.34
176.07 95.54
154.81 77.58
180.84 39.31
141.4 9.83
108.92 46.23
111.56 50.4
74.31 76.8
89.39 102.7
105.35 98.92
112.44 126.35
156.11 116.2
148.99 73.61
166.36 69.76
164.02 43.56
191.64 40.74
195.7 66.96
228.54 64.27
231.96 86.01
277.83 82.42
277.91 58.33
241.58 53.25
234.04 75.41
226.2 75.04
226.58 43.6
189.59 42.91
186.94 24.58
170.55 22.93
168.29 34.41
119.94 26.42
110.76 68.24
69.38 61.1
70.41 38.97
57.17 37.53
51.3 48.0
10.56 29.6
13.94 13.83
