48 34
261 244
230.03 279.68
228.4 279.93
225.93 286.81
206.03 283.51
209.31 240.97
165.92 236.79
158.15 270.37
162.51 271.74
157.68 303.67
110.47 299.19
107.6 292.94
129.64 277.58
147.71 303.3
124.19 325.54
125.96 333.94
120.89 337.85
143.57 371.56
116.18 390.02
110.83 385.58
117.63 371.72
112.54 365.83
103.59 367.95
99.09 361.39
77.83 371.09
57.62 331.75
70.84 324.88
88.23 350.79
90.55 350.3
87.11 315.21
39.08 318.74
36.5 351.62
27.66 354.6
32.35 381.13
27.38 382.68
27.09 382.76
16.53 354.14
58.35 337.88
58.92 335.16
106.1 342.78
102.32 391.03
125.43 395.5
123.63 418.03
99.8 419.6
93.73 373.29
74.83 371.57
71.33 393.83
97.41 401.84
89.99 427.38
132.25 440.43
131.87 449.81
155.59 452.62
158.3 431.37
194.17 434.72
202.36 385.82
216.93 387.22
218.24 397.79
224.1 399.68
223.77 406.47
234.46 409.15
245.57 381.61
235.43 376.85
220.17 403.52
222.46 410.45
241.67 405.98
251.27 429.8
272.77 421.29
262.7 386.83
282.92 375.76
281.61 364.76
274.01 364.71
272.21 377.39
264.73 378.83
268.13 404.75
258.76 406.96
266.43 447.8
244.63 453.21
251.79 492.99
282.85 491.43
284.85 505.47
292.02 508.47
315.28 464.32
329.85 471.05
329.17 481.19
314.46 483.96
313.37 495.99
269.53 495.68
267.8 480.38
306.31 473.08
301.22 435.62
284.82 436.31
283.9 451.16
329.27 457.18
323.32 506.15
342.42 512.83
352.61 486.75
308.84 469.44
293.8 497.3
284.0 492.72
262.35 530.25
265.83 535.43
258.5 545.82
219.45 522.17
230.9 501.42
262.47 513.42
272.3 493.23
297.13 500.35
297.08 516.45
295.09 520.94
299.42 527.75
277.98 546.14
287.37 558.78
260.92 583.76
289.3 617.91
295.72 612.59
275.35 587.05
285.0 576.1
252.84 545.78
222.58 575.89
188.96 542.42
181.12 543.41
171.81 503.45
147.56 507.99
149.01 528.33
104.79 534.57
109.68 569.66
132.08 571.35
137.96 546.43
144.45 546.49
145.47 508.06
191.88 507.0
196.75 544.02
203.56 547.39
191.81 581.2
225.89 596.14
215.64 630.48
201.25 630.44
200.39 608.21
166.09 606.99
164.75 561.37
192.01 557.14
201.0 590.34
208.39 589.34
205.76 560.15
176.74 560.5
176.07 565.97
203.06 572.14
197.75 598.86
190.08 601.22
182.76 580.9
218.29 566.5
224.36 574.23
230.62 575.31
230.64 601.29
266.9 604.49
270.79 579.6
227.27 570.91
224.93 569.87
218.27 576.82
