194 189
117 63
99.63 72.55
83.05 46.52
69.05 50.27
80.4 92.88
83.27 94.96
82.14 98.64
116.24 109.81
132.92 63.65
151.58 68.79
150.88 88.39
114.97 91.61
116.57 123.86
138.49 123.8
141.01 166.12
131.71 171.1
138.3 183.49
99.92 205.78
81.12 178.11
108.33 153.93
139.8 183.92
140.37 188.45
169.26 189.59
169.86 202.0
146.69 207.23
143.42 209.54
148.3 218.05
128.98 229.36
143.87 264.6
171.54 254.57
170.52 245.03
198.39 240.1
208.55 277.83
216.49 278.69
211.51 326.78
206.26 327.28
207.42 347.51
216.38 349.27
210.33 396.25
