201 183
253 276
254.0 277.26
264.39 273.9
256.43 237.82
234.69 239.16
230.58 234.25
205.19 254.76
207.32 263.07
164.68 278.66
164.41 290.48
172.88 291.83
176.62 287.51
181.98 286.44
189.94 309.84
216.51 304.79
224.68 331.3
225.07 332.36
184.03 349.77
168.01 319.63
199.66 300.46
207.83 304.46
193.74 338.13
228.23 353.45
225.78 362.89
204.14 361.97
203.76 364.64
246.18 371.2
249.23 355.85
215.9 344.89
210.79 350.18
210.89 355.87
161.9 360.62
153.73 326.48
140.58 328.77
135.46 325.5
149.89 294.87
155.92 294.31
160.81 297.29
149.33 321.44
