275 118
138 168
141.3 177.42
138.75 179.08
133.98 177.85
142.29 129.78
165.81 133.37
161.38 165.26
209.12 173.04
215.17 149.69
221.12 148.67
226.38 151.91
218.02 166.32
248.19 188.86
225.84 221.99
248.09 242.48
217.85 278.34
198.3 261.99
211.63 244.06
193.06 228.81
223.76 190.63
240.56 201.16
243.5 204.37
219.55 227.36
186.06 197.35
177.69 204.3
195.62 228.06
178.22 241.42
204.73 279.41
174.33 304.97
149.95 282.36
124.23 308.69
151.9 338.04
167.82 325.47
152.08 304.56
170.11 290.94
183.85 307.0
153.04 338.6
166.77 355.82
178.45 351.97
