64 166
168 221
190.37 182.06
218.24 196.19
211.4 215.31
209.26 216.91
206.22 218.84
187.37 192.2
175.11 200.84
185.8 216.18
188.76 218.69
209.08 195.6
228.8 211.04
210.61 236.64
191.62 223.58
170.3 251.44
140.06 230.11
112.96 267.77
78.63 245.45
55.7 278.77
61.14 286.22
43.18 301.81
10.31 268.45
-0.44 272.41
-20.46 226.64
-42.86 231.24
-50.75 198.62
-81.78 204.19
-85.14 201.01
-99.61 212.46
-77.28 246.87
-95.53 261.09
-68.99 297.47
-49.21 283.7
-53.38 271.43
-99.58 283.52
-105.78 276.8
-139.77 302.1
-158.99 277.6
-168.85 281.15
