151 162
0 30
10.61 16.63
-16.86 -9.35
2.78 -36.68
39.21 -11.68
55.76 -35.35
46.61 -42.32
36.83 -31.31
40.44 -28.04
29.98 -14.76
-8.99 -45.11
4.35 -62.48
-26.05 -89.36
-13.23 -107.13
-24.53 -118.38
-53.76 -92.61
-61.98 -96.26
-79.8 -61.57
-103.43 -68.48
-117.92 -29.19
-125.77 -30.71
-135.0 1.03
-128.13 5.88
-142.07 30.33
-185.32 8.8
-166.18 -31.62
-133.81 -20.16
-142.93 7.06
-136.41 12.06
-153.54 34.99
-131.96 52.12
-116.08 33.37
-104.14 42.9
-113.24 59.83
-142.04 46.98
-158.67 78.33
-174.24 70.19
-191.79 100.26
-181.74 109.77
