139 45
136 66
102.39 64.67
96.18 105.05
83.32 106.05
76.9 69.79
90.03 63.8
108.29 96.76
68.88 118.82
80.03 140.12
124.23 118.4
141.64 148.71
105.37 173.79
83.14 145.81
106.18 125.7
89.07 100.92
76.7 103.86
80.42 123.86
84.8 124.98
87.48 117.62
132.72 132.06
140.56 122.54
162.11 138.65
174.37 130.44
170.2 119.96
145.89 127.52
130.72 87.88
172.81 68.31
164.53 38.97
181.13 32.4
179.27 23.82
153.07 28.47
144.19 -4.35
178.81 -15.08
195.81 26.52
168.87 40.34
179.33 62.49
171.94 67.76
191.67 95.64
201.17 91.31
189.53 63.96
150.61 79.54
163.24 111.3
185.97 102.72
201.35 134.9
176.45 151.98
155.26 122.28
168.45 108.85
165.64 100.49
204.63 85.6
208.08 93.2
240.69 83.19
240.11 69.64
194.05 70.17
192.6 23.11
199.63 21.85
206.34 49.03
252.42 41.9
256.67 38.6
271.59 53.2
246.8 80.06
253.48 91.88
242.27 101.18
227.2 85.85
233.77 73.2
231.03 68.63
219.8 70.62
218.45 83.08
213.53 82.8
211.54 109.45
256.76 117.3
259.53 114.1
291.33 135.65
282.54 150.55
270.17 145.9
263.43 151.69
278.15 174.56
246.04 195.9
229.64 175.54
191.32 203.67
173.67 187.44
140.59 218.98
170.41 252.63
149.57 273.92
165.97 296.05
131.59 323.36
132.61 328.35
112.92 335.15
113.67 347.71
105.89 348.36
108.07 389.0
83.42 392.68
72.43 348.69
118.13 336.53
120.6 331.03
133.83 333.91
140.91 311.46
184.23 325.12
179.88 351.58
214.29 358.97
223.92 323.41
258.17 330.91
262.7 325.23
243.98 308.15
217.04 335.73
248.65 372.25
263.09 363.59
256.47 347.51
280.07 334.74
284.73 340.39
259.69 366.16
249.01 358.12
236.35 371.0
270.06 405.24
296.09 382.75
275.53 353.26
295.11 333.94
266.91 298.43
248.42 312.16
221.94 278.41
197.83 292.23
194.01 288.67
216.04 262.95
238.62 276.05
259.98 243.45
226.59 219.97
213.95 230.85
224.57 249.07
210.33 257.46
186.97 220.39
176.13 222.45
182.15 256.13
183.43 258.49
192.73 255.56
199.2 274.36
160.98 289.69
156.06 288.63
162.86 244.47
150.68 240.78
131.66 287.23
110.68 283.35
117.33 243.48
124.01 243.99
127.65 229.45
97.74 220.85
95.91 225.26
136.06 246.22
153.23 216.64
145.89 208.29
109.9 236.07
116.99 245.6
93.94 268.93
123.92 299.28
110.21 317.43
110.15 323.28
132.39 325.95
135.94 325.86
138.2 368.09
102.28 374.02
106.54 407.09
143.83 403.36
145.95 390.1
117.72 383.71
119.81 361.73
164.49 363.33
169.73 336.1
134.37 324.4
143.56 285.45
120.0 279.49
115.01 284.74
82.64 260.18
83.54 257.07
63.07 250.31
66.24 226.38
66.35 226.08
48.84 218.52
28.27 256.11
18.4 253.87
11.58 269.87
33.51 279.78
51.81 240.51
38.01 230.54
41.29 225.48
40.71 219.34
28.63 220.05
27.69 262.63
25.09 267.02
51.08 284.05
74.84 251.39
50.09 232.24
45.94 232.44
44.37 276.7
88.24 282.49
92.37 270.56
80.68 261.73
57.57 286.61
65.5 300.09
29.72 326.47
8.88 300.5
-29.65 325.85
