66 7
240 57
243.19 59.39
224.02 88.42
229.26 97.23
245.29 92.84
250.95 94.63
257.4 78.8
218.26 62.43
201.29 98.23
207.71 105.0
207.77 107.92
168.21 112.16
167.0 140.48
125.08 143.58
117.96 103.81
111.89 102.74
118.97 53.38
141.98 52.95
142.98 42.5
103.51 34.31
102.01 30.98
137.55 12.62
130.94 -8.39
153.91 -19.47
175.65 19.02
155.0 35.25
163.15 45.66
196.83 24.58
182.86 -1.08
163.57 6.62
150.86 -24.51
147.14 -26.72
154.51 -47.94
136.41 -55.85
121.82 -32.21
134.76 -19.28
111.67 4.35
146.04 39.57
182.15 9.97
151.94 -29.9
139.02 -25.99
142.54 1.35
109.36 8.67
108.48 26.69
150.16 29.37
149.39 42.25
173.51 47.49
186.23 6.72
183.95 3.31
208.01 -14.65
216.54 -9.81
196.89 32.53
207.84 37.87
230.06 -1.9
205.62 -17.22
225.04 -52.65
230.06 -55.17
223.56 -78.85
245.89 -85.62
242.16 -113.59
238.9 -116.75
238.93 -119.09
197.41 -121.83
193.04 -114.77
174.72 -123.78
193.36 -166.57
198.18 -165.62
198.3 -149.84
245.13 -146.22
247.49 -116.7
256.81 -112.52
280.39 -155.75
302.22 -147.57
290.45 -111.64
319.3 -100.38
310.43 -75.71
326.44 -64.86
335.51 -75.39
362.29 -56.18
365.56 -59.25
372.51 -53.6
369.08 -47.99
381.35 -35.74
404.04 -54.44
401.39 -62.96
431.81 -73.95
425.92 -92.04
445.58 -103.52
461.75 -76.78
461.56 -76.16
457.44 -72.72
434.34 -94.95
462.99 -126.37
489.82 -104.35
517.7 -136.03
535.09 -126.51
544.3 -138.04
559.42 -131.64
541.34 -87.77
583.21 -68.45
587.97 -76.17
563.27 -96.46
559.27 -93.48
580.37 -59.58
561.16 -46.24
584.66 -10.72
626.89 -37.26
616.71 -59.38
657.08 -80.73
666.26 -71.33
701.57 -102.91
731.85 -74.88
753.03 -96.38
773.03 -79.85
802.36 -110.48
801.9 -111.03
766.94 -82.98
764.02 -83.32
753.88 -37.77
742.32 -38.92
738.3 -2.23
772.13 5.78
775.05 7.04
777.46 11.53
764.81 21.99
787.95 57.39
789.87 60.77
829.43 41.05
855.93 83.6
859.67 87.15
883.78 68.2
915.62 102.0
920.61 100.65
931.37 140.14
912.91 148.08
908.13 148.07
907.12 139.03
899.16 138.73
897.78 173.62
863.84 172.83
861.73 129.18
891.86 123.7
892.47 106.62
930.03 105.89
930.84 99.64
914.96 94.32
899.74 135.15
922.99 146.65
939.59 116.31
968.37 130.25
950.58 176.66
995.4 197.33
991.04 215.12
1017.22 223.33
1021.48 210.97
1062.02 221.06
1070.38 190.22
1115.6 200.69
1115.48 220.91
1101.84 225.28
1110.26 267.13
1099.27 271.9
1096.66 278.14
1069.59 267.19
1049.91 312.07
1060.27 318.59
1058.58 326.05
1039.51 325.38
1036.74 369.81
1025.52 373.7
1028.97 391.25
1064.51 384.83
1060.17 343.61
1014.54 347.72
1018.43 393.85
1001.96 397.48
1007.26 433.09
1017.44 433.97
1018.88 462.13
1022.69 464.03
1042.96 433.53
1030.72 422.83
1024.85 422.9
1024.97 470.62
1058.69 471.26
1058.77 512.18
1099.03 516.04
1098.68 538.8
1093.05 542.87
1085.81 539.99
1075.65 561.34
1086.25 567.25
1101.65 547.03
1135.17 570.26
1110.64 605.81
1121.08 615.88
1127.31 610.5
1148.95 633.4
1156.74 630.71
