28 280
74 26
62.18 22.44
46.91 56.21
7.92 43.03
14.34 8.75
-16.6 -1.4
-25.53 13.76
-55.22 1.31
-53.67 -12.06
-82.09 -18.5
-76.72 -45.64
-67.51 -48.82
-63.96 -45.94
-65.38 -40.03
-86.76 -41.9
-93.13 1.58
-140.08 -2.71
-143.52 8.15
-167.31 4.13
-169.58 6.34
-162.4 14.35
-194.72 43.32
-209.07 33.14
-187.72 -1.41
-175.8 1.5
-186.37 46.11
-174.19 51.56
-171.99 52.4
-188.95 97.5
-148.14 115.2
-161.01 145.38
-154.86 149.22
-166.61 177.2
-184.83 173.16
-182.68 144.0
-165.67 144.99
-160.29 133.73
-151.34 136.05
-145.68 123.42
-123.72 132.34
-121.71 140.24
-95.8 138.51
-88.45 185.01
-77.87 186.95
-67.87 153.49
-63.11 153.86
-56.49 129.63
-32.17 135.87
-28.19 129.68
-60.61 105.61
-60.9 102.3
-76.51 102.56
-80.91 62.82
-113.24 65.78
-119.28 43.89
-98.89 35.1
-92.98 37.74
-78.89 10.74
-75.39 8.39
-94.26 -25.36
-93.83 -30.42
-45.55 -29.42
-41.88 -62.08
-79.58 -71.26
-74.79 -96.3
-33.81 -91.65
-27.97 -116.8
-20.28 -115.57
-11.87 -146.08
22.69 -139.05
19.01 -118.53
20.76 -116.67
56.88 -146.4
31.08 -184.87
57.7 -203.98
76.45 -183.95
85.87 -191.13
107.98 -169.19
84.31 -141.84
101.55 -126.49
124.42 -150.75
146.66 -130.75
178.77 -164.83
192.78 -155.91
195.36 -156.05
197.23 -167.63
202.34 -169.79
191.84 -195.71
225.03 -212.88
222.2 -219.38
258.53 -237.69
243.24 -271.13
266.03 -286.59
251.38 -308.32
254.77 -316.33
286.01 -305.81
279.71 -279.74
311.12 -271.08
320.71 -297.93
296.72 -307.52
280.44 -277.1
284.06 -273.13
274.58 -263.49
306.51 -229.69
340.31 -257.3
363.59 -230.93
397.79 -256.78
392.33 -269.35
433.71 -292.05
435.97 -290.97
437.3 -284.26
475.06 -289.38
475.05 -303.34
446.09 -307.28
441.07 -285.78
442.45 -281.16
421.26 -272.89
407.86 -294.48
407.87 -299.71
386.17 -302.54
376.11 -262.22
343.52 -267.07
344.47 -293.57
315.23 -294.83
312.62 -326.28
294.02 -327.82
294.17 -341.0
251.03 -344.29
246.22 -341.0
235.44 -355.78
207.24 -339.94
209.29 -327.46
215.27 -323.93
219.38 -322.6
215.23 -303.02
244.33 -296.21
256.49 -342.8
233.08 -351.14
227.64 -349.46
210.82 -391.17
254.11 -410.92
263.46 -393.69
300.42 -409.79
324.06 -366.66
337.34 -368.69
334.35 -406.31
315.36 -407.05
314.02 -438.48
302.7 -441.74
310.81 -481.59
263.87 -493.06
267.4 -524.29
222.61 -531.78
217.78 -517.91
225.93 -511.16
249.64 -534.55
230.94 -560.22
214.8 -553.52
201.95 -571.66
221.99 -591.54
253.33 -566.15
267.5 -575.85
265.96 -579.62
265.2 -582.04
302.57 -599.05
294.22 -627.98
302.74 -634.01
285.41 -659.21
265.87 -650.96
246.99 -683.76
220.36 -671.02
230.79 -647.55
212.68 -637.97
217.48 -624.84
205.65 -617.29
197.36 -629.0
192.09 -631.02
207.18 -678.71
248.1 -668.0
253.29 -672.91
232.68 -698.39
207.96 -683.23
208.2 -676.15
254.05 -676.23
257.83 -628.15
219.37 -620.56
210.35 -665.99
254.06 -677.45
263.8 -644.14
311.02 -654.67
312.77 -652.31
301.26 -638.45
320.35 -622.23
330.13 -633.71
297.51 -665.86
274.72 -649.8
274.03 -645.13
232.51 -647.6
234.37 -688.35
