63 91
153 38
160.48 42.51
147.03 71.68
172.9 88.9
201.38 52.67
170.9 24.06
188.27 0.74
163.67 -19.35
193.43 -59.01
178.57 -74.18
187.72 -89.72
146.71 -115.37
144.07 -111.59
171.84 -89.78
186.76 -107.44
191.86 -103.81
186.16 -93.51
157.25 -104.31
155.09 -107.57
115.48 -86.99
97.74 -111.28
64.61 -89.73
74.86 -73.78
61.26 -63.59
52.32 -70.2
20.86 -32.24
29.17 -25.15
51.9 -49.89
57.49 -48.98
60.57 -48.61
63.34 -67.23
45.5 -72.46
52.16 -99.94
13.25 -110.87
18.63 -143.96
-12.41 -151.6
-18.58 -140.0
-53.01 -153.26
-44.37 -188.94
-16.09 -186.2
-13.33 -183.1
-26.87 -168.75
-19.06 -155.44
-11.95 -155.39
-9.44 -112.79
-7.45 -109.48
-11.23 -106.72
-25.4 -117.8
-2.61 -153.16
-27.35 -173.94
-38.89 -167.22
-43.15 -167.6
-44.01 -201.7
-18.8 -204.93
-15.74 -193.23
-62.57 -176.71
-65.27 -178.91
-78.17 -168.5
-60.28 -141.79
-85.06 -124.27
-111.56 -157.03
-89.9 -177.78
-109.5 -200.61
-137.89 -182.7
-116.93 -143.7
-142.9 -129.74
-158.19 -150.46
-141.43 -168.97
-146.36 -174.45
-147.05 -174.27
-156.16 -191.76
-114.44 -219.0
-138.1 -259.11
-132.05 -267.13
-106.91 -252.27
-100.3 -255.83
-107.5 -274.06
-125.08 -269.46
-115.1 -225.99
-100.51 -227.91
-97.96 -244.42
-144.73 -252.69
-139.43 -284.32
-107.94 -281.45
-106.25 -286.44
-140.26 -303.16
-142.41 -309.75
-111.01 -325.11
-93.65 -299.53
-103.43 -291.86
-83.48 -266.19
-45.31 -293.76
-46.95 -303.05
-41.17 -307.51
-7.57 -271.74
27.25 -298.46
16.94 -317.92
1.26 -313.6
-4.1 -325.98
-18.3 -319.95
-34.94 -353.11
-45.02 -353.29
-45.11 -354.72
-0.1 -358.53
7.17 -318.38
9.27 -316.49
44.29 -348.49
22.37 -376.04
22.6 -381.2
-1.85 -383.47
-1.12 -400.97
-0.13 -402.39
10.57 -397.6
10.26 -396.76
47.41 -378.85
32.68 -339.32
72.04 -321.56
59.38 -288.36
65.32 -282.59
62.86 -276.44
66.3 -272.77
62.42 -265.64
38.89 -272.93
39.55 -278.36
10.13 -283.96
15.55 -325.43
30.35 -327.82
36.3 -313.06
45.47 -312.74
47.08 -338.21
28.56 -343.54
25.39 -342.8
15.33 -376.01
53.4 -388.82
42.53 -435.41
0.16 -426.12
7.36 -390.08
-5.18 -382.58
-28.54 -413.74
-12.0 -427.41
-29.98 -456.31
-65.43 -437.55
-65.2 -434.5
-92.98 -428.47
-101.32 -464.15
-82.27 -471.12
-77.41 -466.76
-62.51 -482.49
-97.47 -516.05
-75.62 -543.04
-44.1 -518.55
-34.89 -527.23
-40.42 -537.03
-64.93 -527.47
-53.08 -490.07
-90.68 -475.38
-95.97 -481.92
-109.48 -473.03
-123.87 -492.68
-118.52 -496.76
-126.6 -512.06
-137.43 -509.83
-131.81 -468.52
-87.22 -473.6
-77.05 -425.47
-77.03 -423.0
-94.7 -418.01
-96.5 -421.4
-72.05 -438.06
-93.19 -476.6
-121.34 -463.3
-118.1 -450.25
-156.78 -437.35
-169.93 -465.55
-184.1 -459.67
-170.6 -424.29
-209.84 -406.52
-205.66 -395.6
-198.13 -396.4
-199.11 -410.24
-206.14 -414.67
-230.07 -385.49
-216.57 -370.68
-248.46 -336.5
-284.23 -367.06
-304.77 -349.72
-305.68 -349.37
-299.3 -325.61
-345.87 -312.97
-355.84 -340.9
-380.82 -334.03
-386.55 -342.07
-382.78 -344.96
-399.34 -367.7
-430.86 -347.83
-425.62 -338.42
-411.04 -343.39
-400.07 -312.86
-403.1 -309.44
