245 201
161 136
181.83 102.58
207.46 114.27
210.93 115.67
216.16 103.23
225.02 102.71
226.42 87.2
258.35 89.9
265.06 47.59
263.26 43.53
293.07 27.65
295.65 26.32
289.2 6.32
330.63 -11.22
333.6 -10.9
337.66 -28.43
385.46 -20.93
387.09 -14.51
342.85 1.43
356.04 48.04
321.28 63.05
324.1 72.27
337.26 68.39
326.32 27.15
316.49 29.51
303.35 -5.75
281.43 0.97
280.06 0.19
255.7 39.52
214.57 18.31
208.01 24.63
236.09 58.12
206.04 85.95
228.14 113.46
230.01 116.47
216.79 130.33
189.69 109.39
158.19 146.26
189.78 177.75
174.87 199.39
159.94 193.94
142.95 234.27
168.0 245.46
171.5 249.65
171.07 256.22
133.58 255.94
129.71 248.38
128.01 245.91
127.21 242.57
153.63 234.92
163.82 260.61
136.34 276.18
145.25 297.83
168.85 290.22
165.0 275.34
162.27 274.77
170.09 232.48
164.2 228.3
149.16 243.62
140.85 241.44
137.42 250.64
140.01 256.86
171.56 248.61
165.59 220.06
121.81 225.54
117.05 216.44
72.21 237.57
69.02 232.73
42.72 248.71
58.57 276.13
83.64 265.95
91.97 275.17
106.28 264.58
109.29 265.33
108.43 285.77
127.39 289.88
121.78 332.8
81.63 330.27
79.35 364.34
38.0 363.03
33.66 372.37
-11.01 353.7
1.93 320.22
38.0 330.8
43.57 325.31
40.07 319.83
50.0 312.04
26.18 276.27
1.02 287.92
-11.5 271.38
-33.98 287.55
-10.66 324.86
-31.4 343.07
-49.46 325.55
-73.51 343.24
-104.79 307.79
-139.74 337.29
-135.15 344.92
-153.37 358.45
-180.55 325.17
-146.95 296.3
-121.98 320.64
-88.37 289.45
-112.67 261.16
-85.12 234.62
-100.57 218.19
-88.57 204.61
-82.97 207.81
-61.12 171.67
-42.48 182.17
-17.46 139.55
22.54 160.77
8.13 195.65
-38.06 179.8
-30.25 146.7
15.44 156.1
20.85 154.6
22.55 151.46
-6.4 133.27
-16.14 140.39
-6.14 160.24
-9.86 164.1
-15.38 160.68
-0.22 133.73
-21.07 121.61
-7.66 93.82
34.26 111.17
23.41 143.38
56.05 158.04
63.36 149.89
37.85 126.73
9.46 150.92
1.44 148.56
9.18 122.07
37.98 129.89
26.45 174.83
1.54 171.62
5.4 132.27
3.86 127.46
-28.72 137.01
-40.62 112.07
-43.67 112.44
-46.0 95.45
-20.19 87.07
-32.26 40.47
-25.26 33.78
-28.29 29.41
-56.75 48.08
-48.14 65.12
-70.63 80.91
-75.75 77.7
-56.67 41.92
-26.67 55.71
-29.61 64.84
11.94 81.55
-2.41 126.52
-35.21 119.42
-31.66 90.14
-71.22 80.34
-76.32 91.36
-43.58 108.51
-52.59 133.14
-44.93 140.58
-53.53 153.69
-28.53 171.49
-12.87 155.21
-47.46 119.39
-56.34 127.12
-56.56 132.19
-71.76 134.08
-82.13 88.0
-35.68 76.28
-28.17 91.05
-70.23 115.82
-65.72 131.06
-100.31 145.31
-114.72 118.04
-123.19 122.24
-128.97 116.3
-161.5 146.01
-131.1 182.18
-142.3 192.09
-140.96 196.4
-150.08 199.52
-165.35 158.5
-154.73 153.25
-138.4 179.85
-101.34 160.63
-119.27 116.95
-89.31 99.68
-86.12 103.36
-75.43 100.66
-76.69 80.53
-86.74 80.09
-90.2 75.2
-52.09 47.99
-41.94 55.69
-40.1 60.2
-61.63 71.16
