186 145
1 117
2.24 101.77
-26.46 99.2
-33.26 121.5
-21.68 128.64
-31.18 150.9
5.28 167.9
-4.99 194.42
-21.74 192.12
-21.05 165.25
3.5 163.8
4.51 131.11
27.17 127.54
37.23 168.71
-7.71 183.29
1.48 225.41
1.85 228.37
-13.78 230.92
-11.0 268.68
-44.59 274.0
-43.68 296.92
-43.9 301.67
-77.44 303.85
-78.66 323.92
-46.53 328.75
-49.19 351.99
-92.96 347.67
-96.19 370.79
-123.51 369.53
-122.63 349.02
-106.36 346.28
-97.83 371.77
-108.05 380.39
-92.95 400.11
-69.13 384.72
-85.44 353.75
-83.62 350.45
-72.19 353.92
-64.41 332.02
-87.75 319.65
-87.88 314.61
-60.55 309.6
-50.73 343.41
-92.92 356.32
-88.52 375.82
-56.69 373.14
-54.13 364.17
-101.64 349.86
-101.34 344.13
-124.66 340.53
-128.11 352.13
-147.98 351.19
-151.97 375.52
-110.06 385.41
-108.88 401.36
-116.63 405.72
-98.0 443.66
-108.37 451.24
-92.88 474.68
-112.47 493.17
-128.92 478.5
-109.75 450.39
-116.76 443.89
-104.53 428.9
-68.21 456.53
-77.96 473.09
-51.07 492.79
-36.72 480.73
-41.66 467.33
-10.67 453.4
-25.73 415.18
-7.18 405.55
-21.87 375.2
-54.32 388.27
-54.67 391.96
-60.27 393.47
-57.6 421.36
-78.18 423.44
-84.57 400.52
-45.26 386.32
-39.63 387.36
-37.19 399.02
-68.65 406.93
-65.42 423.83
-38.97 422.15
-38.87 390.37
-39.64 387.1
-57.87 390.1
-66.26 351.62
-106.05 356.64
-109.49 349.01
-111.36 348.03
-126.12 371.32
-130.48 372.99
-137.41 367.48
-109.33 331.58
-143.27 301.58
-139.99 291.73
-110.56 300.98
-122.78 345.81
-114.89 348.35
-108.79 334.61
-151.46 314.16
-147.86 298.37
-151.61 296.99
-157.23 305.61
-145.69 315.28
-143.16 317.84
-135.94 312.63
-111.58 342.09
-139.94 370.75
-157.55 359.37
-181.25 391.92
-203.68 377.36
-185.73 343.5
-167.75 348.61
-175.47 390.89
-186.94 392.73
-195.2 348.27
-227.04 350.73
-233.05 302.96
-229.86 298.39
-224.37 300.44
-220.72 299.26
-221.99 283.03
-226.89 279.65
-249.36 304.14
-280.81 279.71
-258.14 245.34
-217.78 269.62
-224.9 282.37
-214.85 289.45
-226.85 307.23
-198.21 330.61
-178.49 311.55
-191.77 291.89
-211.68 303.43
-216.91 302.59
-217.68 305.94
-192.63 311.84
-188.51 305.18
-184.55 306.74
-189.79 330.65
-147.11 340.32
-133.28 299.69
-151.48 289.72
-151.63 287.88
-147.29 284.81
-138.49 293.76
-115.55 275.98
-111.83 278.26
-101.21 264.53
-100.97 260.22
-132.03 254.85
-142.69 295.26
-109.11 304.97
-108.7 315.95
-141.16 318.6
-142.8 352.28
-191.34 350.76
-191.33 323.56
-160.74 321.2
-155.26 344.0
-152.48 344.94
-146.47 332.16
-171.3 319.17
-184.44 334.35
-161.47 356.51
-169.24 365.22
-203.9 339.03
-218.8 351.3
-224.44 350.73
-233.14 389.02
-192.05 399.43
-185.91 388.86
-181.71 390.96
-180.15 395.72
-172.72 397.72
-175.36 417.53
-153.11 424.63
-141.41 402.89
-119.25 414.68
-126.84 433.21
-110.47 441.03
-93.67 406.0
-101.08 397.49
-132.26 422.13
-148.94 405.68
-129.48 384.16
