133 252
142 223
189.82 233.03
195.17 222.19
207.15 224.03
201.22 272.61
225.7 275.77
229.83 255.75
214.83 249.21
202.52 268.76
235.0 290.2
226.85 307.19
267.06 327.5
281.53 308.9
293.82 318.35
306.21 302.39
280.34 280.16
250.82 312.72
239.39 308.53
230.65 329.36
210.28 324.76
218.1 280.11
181.33 269.72
180.25 260.41
161.81 260.49
159.95 251.91
170.93 249.39
168.86 234.68
183.83 230.74
179.55 196.91
196.42 189.93
195.44 178.44
225.98 173.22
233.25 208.87
246.93 208.14
247.68 201.37
203.29 193.23
192.95 225.97
237.04 244.88
254.74 210.98
250.45 203.7
225.21 214.66
207.82 178.89
243.75 157.24
233.11 132.29
231.06 129.17
255.04 112.22
260.5 119.06
249.68 127.85
247.76 126.57
243.96 127.55
247.33 158.54
288.66 158.0
290.94 156.87
286.75 143.28
256.47 149.08
248.11 129.12
289.17 110.9
278.82 82.35
279.62 78.0
294.05 78.57
299.95 42.91
276.97 35.58
273.92 30.93
278.83 23.21
305.38 39.75
316.39 25.95
316.24 23.1
336.72 21.88
338.73 48.56
367.44 47.02
370.39 33.07
366.45 31.46
367.38 19.99
368.48 19.59
361.5 -2.92
340.89 3.14
333.34 -11.61
311.9 -2.27
308.12 -0.81
301.52 -7.68
313.1 -21.59
285.7 -45.75
278.77 -40.41
286.01 -28.1
304.17 -38.53
293.75 -64.89
266.78 -59.11
258.1 -77.87
277.86 -91.46
268.24 -112.77
254.97 -108.03
249.07 -119.18
256.2 -127.17
288.13 -103.93
295.4 -111.48
311.91 -98.34
314.85 -98.49
318.89 -57.12
340.66 -58.46
342.9 -74.17
362.29 -71.49
358.79 -22.95
320.8 -25.27
319.02 -10.67
338.38 -4.38
341.45 -11.77
315.65 -23.07
299.95 3.75
328.81 25.1
353.71 -6.34
374.12 8.64
383.1 3.88
386.16 9.02
424.18 -7.98
421.7 -25.76
377.79 -20.8
374.53 -22.62
382.64 -41.46
346.78 -58.94
360.34 -90.21
331.69 -105.11
344.98 -139.72
369.96 -132.91
371.91 -128.02
326.54 -109.34
307.07 -154.05
341.2 -174.3
354.6 -158.5
377.63 -172.67
366.52 -197.72
388.79 -209.19
372.44 -246.21
347.69 -239.01
344.68 -233.69
366.73 -217.16
380.72 -230.53
371.69 -240.78
393.62 -261.74
375.33 -282.63
405.42 -313.4
384.68 -335.09
376.99 -334.18
371.09 -378.31
365.01 -378.11
361.35 -396.55
311.89 -390.18
308.16 -392.86
324.86 -416.24
335.01 -411.32
347.92 -430.48
377.46 -415.08
386.42 -425.79
422.78 -401.41
442.96 -423.59
481.45 -394.77
473.23 -381.94
474.19 -380.24
443.68 -362.5
463.67 -325.61
505.24 -343.44
526.25 -301.05
514.52 -290.81
543.31 -251.45
508.21 -225.01
522.44 -204.73
495.62 -185.62
514.9 -155.66
523.34 -160.12
506.67 -199.56
461.65 -183.69
467.1 -158.78
421.87 -145.54
416.13 -152.41
387.16 -129.34
411.59 -92.66
375.54 -64.48
385.11 -48.48
372.33 -39.98
387.72 -16.19
392.66 -19.21
398.67 -11.52
420.83 -22.61
407.76 -49.37
430.89 -64.63
416.04 -93.34
405.47 -90.04
391.88 -119.25
412.95 -134.49
434.59 -112.17
