236 55
156 193
150.84 193.05
147.28 148.81
147.64 144.66
106.31 136.63
104.4 136.2
95.64 172.3
120.46 183.45
114.09 204.74
95.25 202.86
97.16 170.24
115.67 169.09
114.01 122.87
100.67 118.56
91.38 137.33
108.45 149.63
92.22 178.21
131.74 201.08
142.27 184.99
138.58 177.67
103.99 190.19
94.18 163.12
58.24 173.97
56.26 178.72
53.35 180.79
52.12 186.3
46.92 187.44
51.93 218.64
95.56 212.56
98.36 230.25
50.35 241.11
50.23 242.28
95.84 250.47
90.99 290.75
41.19 286.18
33.22 332.72
12.74 333.18
8.22 286.55
-0.24 286.96
-1.5 289.65
27.43 305.05
33.65 297.77
70.07 326.19
101.62 287.47
85.56 268.15
93.97 256.65
112.34 268.87
125.82 255.04
92.52 219.36
103.4 207.71
78.06 179.12
53.06 199.03
30.35 175.87
52.64 149.45
50.7 145.0
21.86 155.18
24.31 166.84
-10.57 178.67
-0.64 211.4
14.59 206.89
15.13 202.5
10.66 197.51
37.58 170.21
18.85 147.38
49.97 116.85
80.86 143.34
112.95 111.86
98.19 96.21
114.58 77.67
115.99 74.43
147.07 82.74
147.1 87.28
159.92 88.08
165.69 62.02
157.26 58.51
149.21 70.6
137.96 63.73
152.14 33.08
182.79 46.29
174.94 72.3
163.48 69.45
150.6 106.23
161.0 114.39
155.74 124.0
185.88 146.05
159.18 188.23
162.48 195.04
138.5 209.16
152.7 237.32
153.93 240.62
115.93 255.13
102.02 223.27
73.54 235.04
85.55 276.7
98.38 278.08
101.52 255.14
77.79 250.32
69.0 283.18
38.96 277.27
40.95 253.61
43.18 252.04
59.49 270.52
22.8 302.94
46.53 330.81
76.83 306.74
88.91 317.14
98.59 307.23
66.45 273.22
38.24 297.54
10.99 266.15
34.11 240.1
30.8 231.15
9.15 235.33
0.86 208.23
-13.05 212.14
-25.74 168.18
-56.51 174.31
-51.11 202.47
-57.3 205.91
-81.57 164.38
-74.97 159.25
-82.37 143.41
-57.54 126.76
-53.34 125.69
-47.29 148.42
-11.46 141.31
-12.89 131.78
-42.01 132.74
-43.05 149.21
-39.96 152.4
-34.96 151.69
-29.06 164.59
4.15 154.26
-6.08 115.27
6.91 110.14
12.69 111.58
11.65 131.96
-33.13 134.37
-31.6 163.42
-6.55 166.74
-5.36 164.82
30.45 183.79
36.44 182.4
43.01 193.36
33.6 202.96
17.88 193.11
-6.54 223.11
-10.39 223.66
-7.31 252.99
16.72 253.1
18.24 268.6
-17.18 272.32
-14.05 317.84
-54.5 324.93
-62.61 281.04
-37.87 271.94
-47.03 242.79
-36.18 238.46
-20.68 273.36
-16.49 273.29
-16.01 225.87
-64.42 220.74
-65.13 188.62
-97.88 185.54
-102.04 212.05
-53.6 223.26
-48.57 208.3
-83.87 193.37
-74.58 164.13
-58.05 164.7
-53.57 117.63
-22.67 118.34
-20.81 150.45
18.18 151.56
18.13 165.55
15.26 166.68
21.2 190.88
29.71 189.97
26.21 147.35
-5.4 146.15
-7.88 111.54
-34.05 109.14
-30.37 68.72
-56.47 65.31
-55.59 40.85
-74.55 36.15
-66.46 -4.79
-85.74 -12.57
-73.34 -49.44
