53 141
230 31
233.9 29.08
220.43 -5.64
176.97 9.17
170.88 3.11
154.45 17.42
127.52 -12.77
92.64 12.76
78.52 0.92
45.87 37.52
32.41 30.51
16.55 58.65
-1.34 50.77
-8.43 59.51
-19.68 55.74
-15.11 32.81
-10.52 29.89
-15.27 16.18
6.8 3.82
-10.86 -33.8
-28.1 -30.26
-37.05 -55.91
-16.86 -68.24
-25.09 -88.8
1.11 -99.43
-1.82 -115.58
-27.63 -112.41
-32.26 -132.0
-2.07 -140.28
4.54 -121.59
25.27 -123.84
32.76 -90.03
48.2 -92.61
58.9 -57.16
15.86 -40.51
28.37 -1.36
69.14 -12.67
62.56 -37.02
97.95 -48.64
97.4 -61.07
122.6 -63.51
126.69 -67.75
144.41 -55.08
135.41 -35.99
172.36 -15.8
175.5 -11.24
165.8 -3.29
141.26 -28.73
109.12 1.46
119.68 18.99
127.85 18.96
132.91 58.66
130.72 60.36
119.84 48.15
90.88 73.76
98.0 87.24
93.87 92.8
69.89 80.59
46.63 116.87
72.57 137.03
79.82 134.66
71.86 98.31
111.84 85.43
109.01 75.17
93.8 75.8
94.2 88.89
52.74 95.02
54.59 123.26
73.62 124.81
77.36 126.28
77.8 126.81
98.88 113.56
107.47 120.3
80.64 159.52
39.58 134.75
33.86 141.48
66.43 172.9
60.48 182.71
76.74 193.52
54.66 228.31
81.78 246.84
78.07 253.86
102.57 270.11
126.49 239.45
157.33 261.67
170.84 247.99
185.15 258.43
185.24 258.48
165.57 298.04
154.68 295.87
149.43 311.26
141.86 310.94
136.75 352.05
128.56 352.22
125.91 386.72
164.46 394.07
157.13 435.18
117.32 428.75
120.03 392.79
113.78 388.59
101.94 400.29
70.19 374.96
71.78 370.09
82.48 372.36
97.01 324.81
102.83 325.71
110.4 284.63
82.34 275.16
81.52 276.79
47.22 264.92
34.99 299.44
6.1 291.98
12.88 255.25
42.69 260.6
48.36 242.4
22.67 231.99
3.97 274.84
32.88 288.9
40.72 281.88
49.13 289.84
75.52 264.75
49.18 232.48
83.19 204.59
56.46 169.32
59.06 166.85
45.28 147.32
77.68 119.0
64.41 103.15
58.74 106.52
61.51 120.73
45.12 127.14
52.54 155.77
21.87 165.11
6.24 119.83
33.78 109.2
31.32 89.92
75.21 79.57
82.21 95.2
118.24 83.49
114.09 69.73
104.2 70.58
100.22 76.15
92.24 70.87
74.12 91.07
44.31 70.66
48.6 60.52
21.3 48.28
33.76 20.05
34.19 16.35
83.76 19.51
84.85 65.24
48.53 70.98
55.1 116.13
39.05 122.48
53.76 160.71
54.31 162.12
29.26 174.11
8.75 136.98
-4.66 140.68
-14.03 115.89
-9.52 109.59
-8.9 105.88
-47.5 95.32
-53.88 117.21
-19.56 130.96
-8.37 112.21
-20.96 98.9
-40.27 116.72
-21.29 138.8
-35.23 151.63
-17.55 175.1
-37.92 190.47
-38.46 192.7
-79.74 184.01
-73.96 136.92
-52.73 137.68
-49.37 174.38
-98.57 182.8
-91.86 223.97
-69.26 221.01
-66.67 228.81
-91.21 237.48
-88.66 249.08
-83.47 250.23
-86.73 283.81
-75.95 286.59
-70.06 274.95
-42.07 284.67
-30.07 262.74
