82 208
49 105
90.61 88.78
112.23 130.79
72.76 151.16
53.7 116.38
42.15 120.12
41.55 130.09
58.08 135.53
73.71 93.28
92.73 96.63
99.29 66.29
71.31 59.58
79.24 16.13
61.82 11.73
56.57 32.5
54.84 32.52
53.11 51.62
95.8 56.67
101.54 12.74
75.57 5.32
72.04 15.37
57.72 14.63
56.07 9.97
72.05 0.46
49.07 -41.67
81.46 -60.91
66.09 -94.36
96.36 -110.86
104.46 -104.26
134.95 -134.73
137.81 -137.13
131.05 -148.97
147.92 -160.96
146.63 -164.66
188.85 -183.72
195.25 -171.84
210.13 -175.98
215.68 -167.44
176.23 -137.14
170.91 -143.34
156.77 -137.13
161.08 -117.34
204.3 -123.12
203.95 -150.17
169.09 -152.62
170.08 -188.89
206.26 -191.02
207.12 -221.55
158.82 -226.86
156.42 -205.71
115.32 -210.35
112.04 -224.09
102.75 -224.65
99.24 -223.62
100.62 -209.6
140.29 -209.09
140.44 -164.98
160.25 -164.17
164.02 -175.08
212.37 -162.49
203.3 -122.49
179.22 -127.67
179.03 -139.28
228.01 -142.08
231.62 -103.97
273.99 -106.37
277.4 -70.06
231.95 -64.95
233.23 -52.64
231.47 -51.92
220.73 -71.17
216.38 -74.29
233.89 -105.47
245.6 -99.12
238.43 -78.84
209.25 -85.86
212.97 -102.43
209.79 -104.85
181.65 -71.1
186.0 -64.92
224.82 -86.11
231.86 -77.24
202.64 -53.18
180.58 -72.67
207.09 -107.53
191.27 -121.54
202.24 -139.31
204.58 -141.33
234.89 -113.19
228.31 -106.08
197.19 -133.8
172.74 -108.17
172.25 -106.78
127.25 -120.5
137.57 -157.38
116.64 -168.09
136.55 -208.23
167.43 -193.54
192.27 -235.65
223.0 -217.95
247.32 -251.56
218.57 -278.48
224.13 -289.59
248.68 -281.52
239.29 -247.69
191.45 -258.94
185.49 -246.71
204.98 -234.17
204.69 -225.39
214.43 -221.51
228.42 -254.83
201.21 -269.45
200.39 -268.3
161.37 -294.41
183.36 -335.65
189.39 -332.88
200.61 -347.24
230.33 -327.85
257.48 -368.44
248.21 -379.04
281.67 -411.07
269.16 -424.54
275.62 -433.59
262.76 -445.86
232.48 -417.94
222.32 -424.55
209.13 -411.78
218.07 -400.87
213.86 -395.24
241.67 -368.9
222.16 -342.49
258.42 -313.16
272.84 -324.27
249.24 -358.41
217.6 -337.43
189.17 -374.69
217.66 -398.3
246.45 -363.93
220.26 -340.86
233.99 -324.97
215.72 -304.72
177.18 -335.13
147.54 -302.35
124.78 -316.73
125.33 -323.81
102.52 -329.48
98.26 -323.21
57.27 -349.82
54.17 -346.29
44.72 -353.65
14.91 -323.44
40.33 -294.95
38.11 -288.51
19.46 -292.47
23.67 -323.09
2.03 -328.15
4.8 -343.3
-5.71 -346.87
-9.64 -340.11
-50.62 -360.66
-69.89 -326.44
-111.41 -344.89
-132.45 -306.4
-171.0 -325.66
-175.64 -324.42
-186.66 -363.24
-232.92 -353.59
-225.86 -304.65
-215.74 -302.97
-218.39 -278.4
-259.58 -282.8
-256.6 -325.35
-268.19 -328.06
-261.82 -361.66
-283.73 -368.31
-296.47 -341.89
-256.22 -320.88
-245.33 -334.79
-264.67 -355.74
-249.54 -374.41
-257.53 -385.4
-226.1 -410.19
-227.94 -415.67
-240.41 -416.49
-243.23 -405.79
-208.89 -391.59
-219.01 -366.97
-231.21 -371.48
-233.44 -378.67
