156 11
63 24
63.74 29.42
53.72 35.19
47.57 30.45
66.54 4.39
86.02 15.22
89.21 15.2
93.93 2.82
134.77 15.13
144.19 -14.68
152.91 -16.09
161.7 24.88
162.37 28.26
151.12 34.78
143.68 25.02
103.01 50.64
126.39 87.81
136.07 84.89
150.1 118.42
177.85 108.56
192.55 148.27
158.77 163.3
156.44 164.98
141.32 152.12
113.91 177.5
103.2 168.72
85.9 185.36
116.1 219.25
93.26 245.29
82.57 237.41
88.27 222.15
116.7 228.85
126.27 207.96
122.41 204.6
125.28 198.78
145.25 203.03
139.86 249.1
152.07 251.26
154.36 250.72
156.83 257.17
170.36 256.7
174.09 279.43
190.51 277.61
193.19 294.59
180.23 298.25
163.33 256.02
131.01 264.03
121.26 235.86
83.23 244.68
80.57 243.84
73.64 253.53
102.96 277.25
91.91 296.89
57.09 281.85
40.96 310.99
5.09 293.8
-12.11 327.94
-50.08 314.05
-51.75 307.53
-77.02 308.85
-83.8 270.46
-103.95 270.77
-107.42 313.16
-104.11 316.27
-112.48 328.49
-132.68 319.38
-148.42 342.54
-173.97 328.98
-156.21 289.73
-147.27 292.0
-151.03 309.79
-142.01 313.8
-159.14 360.0
-156.51 363.66
-130.75 347.39
-107.54 378.65
-106.72 378.11
-88.03 405.74
-118.47 431.41
-131.78 418.02
-151.61 435.79
-122.6 474.08
-138.74 491.11
-167.42 467.6
-157.18 453.25
-190.96 424.35
-212.62 446.14
-203.95 461.31
-246.55 487.16
