36 54
90 43
101.46 75.72
94.08 82.09
88.31 82.07
88.32 64.01
81.07 61.92
84.44 45.65
118.37 52.18
116.79 72.96
154.19 78.11
154.72 88.13
132.98 93.29
134.68 116.59
114.21 121.44
102.83 87.27
104.55 83.11
135.76 92.04
126.75 129.08
108.13 124.8
102.56 128.99
80.04 102.35
61.46 117.2
46.19 100.78
69.18 79.19
81.19 86.11
63.64 119.08
82.42 132.6
100.35 115.11
124.11 136.19
139.69 125.56
147.05 128.26
133.53 168.66
93.32 158.19
79.33 193.42
63.34 188.91
67.0 157.64
28.71 151.29
32.57 114.56
-16.9 109.21
-20.01 123.32
-54.78 119.25
-52.5 93.7
-72.45 89.87
-82.7 129.63
-113.3 123.57
-119.25 147.71
-86.35 160.12
-75.91 140.12
-47.09 153.75
-60.59 187.86
-37.04 200.14
-24.84 182.76
10.03 204.86
32.43 173.88
10.46 157.57
25.1 132.43
-10.45 107.6
11.87 73.31
26.03 81.75
19.46 94.27
6.45 91.29
6.41 80.22
-32.89 79.75
-36.58 43.92
-54.17 42.61
-55.8 34.12
-16.74 24.5
-9.46 44.69
-55.93 62.57
-73.28 18.91
-53.66 7.62
-53.21 6.43
-78.98 -4.4
-96.36 30.22
-108.71 24.17
-119.11 35.7
-87.12 68.97
-99.03 86.94
-119.71 75.88
-131.3 94.46
-144.54 87.2
-147.84 87.87
-147.1 104.13
-188.47 109.79
-199.42 61.34
-189.26 56.95
-196.28 28.51
-212.66 31.45
-211.38 49.04
