98 32
119 224
145.47 222.46
151.91 255.68
166.75 254.82
170.23 239.41
164.83 236.76
159.63 242.18
184.36 272.82
218.83 245.59
228.83 254.23
197.93 293.29
214.13 310.27
221.14 307.83
230.72 334.34
198.0 350.33
186.38 335.0
162.32 347.35
182.84 390.71
212.7 377.77
227.01 404.05
208.35 418.5
228.09 444.9
267.14 418.05
254.64 395.44
287.96 375.0
289.51 368.84
290.39 368.87
291.25 410.92
297.21 414.26
300.25 419.01
272.42 438.32
272.25 443.02
263.2 445.54
246.85 403.68
228.08 405.9
227.0 424.7
244.19 427.67
244.23 430.48
279.09 434.73
282.22 412.64
304.34 411.81
307.56 370.7
332.78 370.49
333.71 340.56
347.53 339.87
349.85 290.93
322.45 287.77
317.67 299.82
344.44 312.3
334.13 344.74
308.16 339.83
309.56 307.02
301.19 304.09
282.3 347.37
300.44 355.45
302.96 355.85
310.91 335.02
275.76 321.09
284.65 295.98
304.59 302.41
302.43 324.99
255.32 320.52
248.94 364.68
294.95 374.04
294.47 387.51
277.68 388.01
276.55 403.5
324.9 410.43
333.25 363.76
342.58 363.85
347.61 346.72
348.13 345.59
337.41 339.51
332.08 341.64
332.96 348.06
292.36 354.35
286.53 343.84
321.78 319.65
308.96 294.91
323.31 283.86
349.11 316.52
345.49 320.9
336.01 318.89
343.37 281.29
380.97 288.4
381.18 290.52
408.83 290.65
409.97 255.39
439.64 252.01
