145 11
66 220
78.11 229.23
71.9 239.57
109.57 266.15
124.43 251.08
147.36 271.05
122.11 304.23
96.18 287.55
109.49 263.55
111.67 264.3
116.02 262.84
121.01 267.37
133.47 257.85
109.13 220.16
125.55 208.53
119.64 197.4
106.04 199.69
98.3 173.04
67.67 180.93
62.97 164.49
61.9 162.53
15.76 182.23
-4.59 144.15
-39.24 160.73
-21.89 205.19
-21.36 209.59
-3.64 210.46
-1.29 222.96
-36.51 234.2
-30.65 259.93
-6.57 255.98
-10.91 215.95
38.23 206.02
40.14 199.93
56.76 200.09
57.41 221.89
60.7 223.69
77.66 193.69
43.46 171.46
66.4 129.47
56.56 121.99
61.9 114.1
43.5 95.7
37.34 98.33
19.37 61.65
-18.95 79.55
-22.64 72.98
-62.27 91.91
-54.95 111.19
-48.29 110.14
-44.61 117.82
-56.89 126.7
-76.93 106.76
-71.05 97.7
-39.76 115.52
-14.58 81.27
-22.42 70.44
-17.74 66.98
9.38 102.58
-29.3 133.51
-22.28 149.24
-50.96 167.07
-73.58 136.95
-43.68 111.34
-19.11 139.29
10.19 120.03
31.46 149.2
68.92 122.92
86.96 141.28
113.99 115.73
119.95 120.0
126.91 115.57
105.45 76.62
117.48 69.04
112.31 57.55
99.18 61.64
104.86 82.32
122.68 77.44
130.37 87.95
126.5 92.42
95.45 71.09
103.64 54.77
62.67 31.5
77.28 -2.96
101.36 4.65
114.66 -27.78
99.57 -37.03
120.71 -79.16
154.54 -64.33
