258 287
263 195
215.38 190.8
215.86 159.66
192.73 157.1
191.83 126.1
198.23 124.73
194.86 85.75
237.08 77.21
234.11 56.11
220.27 56.21
218.85 30.12
241.64 26.34
235.58 -12.95
261.9 -20.46
259.67 -42.59
292.01 -48.01
291.92 -72.91
279.1 -77.17
274.2 -68.58
284.98 -60.27
298.14 -72.36
295.96 -76.79
339.71 -100.38
335.34 -116.07
353.89 -122.95
351.82 -135.74
315.94 -130.17
315.19 -111.77
348.9 -106.64
345.34 -61.61
307.7 -59.83
303.49 -66.43
274.35 -53.55
286.47 -25.39
285.83 -23.82
301.83 -16.29
310.94 -33.93
294.87 -47.45
285.73 -38.25
292.85 -28.39
259.71 -1.78
280.86 25.53
277.03 34.64
303.39 50.96
306.43 55.12
312.96 51.79
317.56 53.03
308.86 91.99
351.98 104.24
354.3 114.28
343.7 117.38
342.21 114.81
330.19 118.42
341.58 160.71
350.88 162.31
357.51 136.26
341.33 128.11
345.4 119.59
313.47 103.7
311.97 103.02
304.37 112.92
315.78 127.76
297.9 147.36
331.69 183.25
299.16 218.93
273.38 199.04
266.77 205.55
301.03 240.79
316.38 232.55
338.27 272.24
330.69 276.89
314.92 259.27
285.68 279.23
269.87 263.88
256.16 276.34
274.91 300.95
279.71 300.52
277.15 262.21
305.71 256.54
317.14 297.21
291.84 305.48
293.85 324.22
340.54 323.73
342.3 298.61
308.41 294.27
307.33 276.14
349.32 270.36
348.79 251.63
368.34 249.37
