112 244
112 130
146.49 129.37
147.39 109.15
176.73 110.3
180.49 84.77
184.12 83.41
180.87 73.23
188.38 70.15
205.21 104.87
200.93 109.28
225.59 138.05
246.53 123.08
261.59 138.78
276.58 125.88
254.7 96.93
288.84 64.89
267.38 34.96
275.21 26.87
261.72 10.07
230.75 31.27
249.36 60.14
280.51 40.24
276.46 29.72
239.25 41.11
229.21 19.17
244.18 11.4
253.84 22.27
219.82 55.17
204.88 44.04
178.94 71.4
211.85 106.87
181.35 138.02
190.11 149.23
198.08 144.86
220.84 181.93
189.91 202.07
186.3 199.04
202.16 176.38
230.93 195.78
212.43 230.88
216.22 236.69
201.18 248.43
184.08 234.21
156.15 264.71
124.93 237.67
153.17 202.04
162.04 207.92
192.5 168.39
216.56 186.38
215.7 189.96
193.61 186.01
190.75 178.19
216.06 165.05
209.48 148.13
244.98 134.16
245.73 133.87
242.54 122.47
219.29 127.28
215.38 114.78
245.99 101.11
242.82 86.5
270.67 77.8
279.2 98.94
268.27 107.79
276.33 124.53
274.64 130.79
230.18 122.77
217.71 165.84
207.68 166.85
204.95 187.65
165.16 185.96
165.69 171.48
208.7 170.7
212.14 124.85
174.49 120.74
173.66 95.8
148.92 95.8
145.51 106.81
158.14 113.28
153.44 123.59
141.11 120.86
128.98 162.02
105.79 157.62
103.6 159.82
137.5 194.41
117.21 215.96
136.3 236.24
144.97 232.27
157.55 256.87
167.45 254.43
158.06 214.2
195.72 202.83
198.19 208.42
194.95 211.7
173.48 192.04
160.21 199.25
150.87 188.94
176.35 164.89
209.11 193.16
