23 247
246 147
264.94 179.36
301.14 159.76
297.15 149.07
282.49 150.95
276.53 143.62
281.12 137.09
286.91 137.26
289.35 124.69
289.51 123.72
310.93 126.82
318.94 102.43
322.67 100.06
329.93 103.7
336.42 101.83
344.11 115.11
367.79 102.42
351.78 67.0
393.21 43.15
399.45 46.99
375.06 89.25
356.23 79.63
330.6 121.38
320.65 116.12
313.52 125.68
337.58 145.8
355.27 130.35
386.91 159.35
363.03 190.17
341.78 175.34
335.09 180.01
321.6 162.09
324.73 156.25
295.11 140.1
318.13 95.73
274.48 71.74
282.09 54.61
310.07 63.27
322.21 30.58
316.2 27.73
314.68 24.05
283.71 31.89
282.02 37.98
312.75 49.64
325.41 27.95
293.48 6.25
283.87 12.89
296.58 37.25
322.53 24.65
313.05 4.45
336.44 -7.82
347.62 10.8
389.62 -10.54
391.12 -8.41
399.58 -8.35
402.78 -16.0
437.41 -2.33
440.49 -6.46
403.37 -35.34
378.73 -5.39
386.65 2.8
364.59 27.82
400.89 61.74
412.36 51.62
439.9 76.97
441.31 76.58
431.71 30.15
475.49 18.88
466.67 -28.38
488.28 -32.76
498.32 -4.14
525.59 -10.84
522.95 -33.94
479.9 -29.35
475.9 -30.65
457.03 13.03
456.67 14.79
415.48 10.82
416.39 -37.66
433.78 -42.04
426.75 -71.16
420.61 -74.42
399.62 -43.95
422.01 -24.0
423.9 -25.67
404.07 -49.3
424.66 -71.18
433.59 -66.94
439.13 -77.14
421.77 -89.06
429.7 -104.13
444.23 -96.51
465.11 -132.06
451.78 -145.58
444.71 -140.4
450.52 -124.19
490.28 -137.42
487.93 -151.9
507.71 -157.01
