226 286
45 264
46.8 243.51
88.92 246.37
93.7 198.14
73.97 191.73
64.67 210.06
33.44 196.16
46.44 166.31
27.91 156.07
11.22 185.92
-14.47 174.15
-18.01 176.87
-23.68 177.39
-22.13 217.88
-41.14 220.99
-40.33 249.72
-26.67 253.74
-25.61 250.83
-68.03 232.23
-50.01 189.02
-79.89 175.53
-86.36 182.75
-69.96 200.06
-44.11 177.33
-36.42 182.16
-14.42 156.3
-12.05 156.64
-11.04 178.55
-60.68 183.77
-63.27 183.31
-67.32 183.13
-70.34 232.45
-32.12 235.78
-30.23 259.62
-66.38 264.96
-64.01 305.93
-41.3 307.16
-40.39 351.17
-53.61 355.5
-47.7 381.83
-85.57 390.86
-97.54 359.41
-127.32 367.8
-129.88 360.53
-89.13 340.98
-101.52 310.49
-70.22 296.93
-48.0 336.58
-29.39 328.82
-22.49 336.36
-48.88 365.56
-17.35 396.28
13.29 369.88
-0.24 353.74
-0.79 353.29
-19.86 369.28
-8.58 387.6
-10.51 389.67
13.28 416.28
18.38 415.52
16.81 395.02
4.19 395.32
-0.69 364.82
10.87 361.41
16.49 363.53
29.9 340.07
38.19 339.95
38.82 342.83
66.73 338.54
60.49 294.11
26.96 296.92
29.2 331.6
7.52 335.06
5.8 343.22
-37.99 335.78
-35.34 306.69
-47.96 301.91
-34.72 254.79
-38.64 252.13
-46.03 256.16
-25.9 299.41
-33.74 305.71
-64.72 274.44
-70.63 275.12
-77.14 240.19
-66.86 233.33
-57.8 242.56
-21.46 211.57
10.13 247.47
40.35 225.32
25.45 203.63
55.87 178.54
55.51 173.79
103.96 169.47
109.7 212.87
149.57 210.22
151.67 219.67
147.15 225.1
161.95 243.85
