253 38
71 137
50.26 101.09
75.2 85.65
101.58 126.19
131.79 111.9
152.44 153.96
182.08 141.17
186.67 142.55
180.12 174.58
161.81 172.27
165.86 132.17
159.9 127.17
174.3 108.69
167.5 100.07
152.82 109.33
149.81 107.67
129.73 136.02
144.49 147.2
127.32 176.62
164.22 201.59
139.65 243.8
131.01 241.63
121.49 272.95
104.3 271.66
100.41 266.78
101.75 260.0
111.54 258.56
106.58 221.53
137.5 217.05
146.95 255.04
124.26 263.92
137.96 310.3
125.69 316.44
129.03 330.2
136.28 331.84
136.59 347.31
115.95 350.84
112.3 339.13
100.13 342.63
104.17 368.81
128.25 368.57
133.4 406.11
99.28 413.78
91.98 392.67
123.57 377.62
127.0 375.43
146.49 403.65
120.65 423.32
105.15 407.57
117.46 388.66
136.58 397.09
146.37 380.04
151.77 377.82
158.79 385.78
154.88 392.51
173.66 406.52
199.01 379.65
211.82 386.14
214.16 387.33
220.52 375.45
231.28 379.72
248.63 341.94
226.67 329.99
204.33 368.58
221.86 379.24
222.6 381.62
211.4 388.22
210.28 395.63
250.93 405.5
260.48 375.32
291.08 384.44
298.23 369.6
317.44 378.07
299.63 423.6
264.48 412.69
268.75 386.6
261.27 381.56
248.91 398.38
258.51 406.26
280.6 380.12
293.77 388.05
271.18 429.41
253.29 424.93
245.22 441.47
216.99 430.62
217.51 421.33
199.9 419.77
199.34 380.72
164.22 378.01
162.84 339.63
165.09 337.12
186.18 351.86
192.15 350.62
193.87 344.5
225.55 350.77
223.7 385.46
176.16 384.56
172.49 428.66
190.19 431.73
