273 15
177 183
150.37 173.4
151.08 169.02
149.84 165.54
152.98 163.76
151.18 150.5
129.81 150.43
125.29 159.49
141.98 170.32
128.32 192.06
118.83 187.07
137.38 150.93
148.24 153.9
157.44 133.79
154.85 129.12
135.31 138.94
114.47 102.98
154.56 79.21
165.54 97.55
210.35 75.1
208.7 65.6
189.8 64.32
189.02 35.53
145.98 34.5
145.77 24.83
160.64 20.5
156.49 -1.73
169.87 -4.98
169.77 -5.82
154.66 -6.85
156.4 -40.71
206.33 -39.41
208.79 -14.45
238.93 -16.16
238.02 -62.46
206.16 -65.28
198.44 -22.88
163.52 -28.54
166.56 -52.17
209.3 -48.3
209.61 -30.35
247.55 -30.58
250.33 -41.33
244.54 -43.94
221.01 -0.37
204.59 -6.11
191.21 19.15
230.69 42.23
214.08 72.15
248.7 92.4
256.04 82.91
293.38 109.12
281.78 133.62
252.8 123.22
257.84 99.16
233.04 93.25
235.08 80.77
233.95 80.3
234.27 78.68
247.47 78.18
249.69 100.34
251.03 105.02
264.12 103.1
268.84 117.17
309.36 105.87
300.89 60.03
336.47 53.15
336.46 36.65
381.31 35.38
385.3 75.81
371.12 78.02
360.64 36.38
322.49 42.55
321.94 66.9
285.72 67.85
285.26 106.86
257.45 110.16
257.74 145.58
212.73 149.69
214.4 194.57
239.15 197.88
238.71 202.56
227.65 201.98
221.53 230.01
200.27 226.75
190.53 266.34
238.57 278.51
240.27 291.43
224.79 297.15
237.27 333.19
198.73 350.52
187.61 330.15
205.98 317.02
193.2 297.67
229.63 269.97
234.66 269.33
229.41 220.35
213.88 218.91
211.63 226.72
