47 283
209 83
237.49 101.28
223.48 127.21
261.58 152.76
259.98 158.33
225.27 153.23
219.44 172.46
265.78 190.5
269.33 190.25
267.98 170.5
253.32 167.87
243.51 206.86
283.72 218.74
280.51 232.35
313.71 243.44
313.65 244.74
322.54 249.99
333.59 234.21
299.07 207.79
298.81 201.49
333.03 196.63
328.77 165.52
349.29 157.98
342.66 126.88
347.97 121.65
341.43 108.35
379.36 89.57
397.79 117.55
403.94 118.97
413.17 92.98
381.5 76.82
358.7 120.25
329.44 105.06
334.01 92.89
361.05 101.26
364.59 90.52
399.09 97.06
405.64 69.16
430.44 70.74
431.3 72.88
448.12 70.27
448.83 72.82
461.5 73.59
468.42 32.09
454.44 26.13
440.95 54.56
455.71 65.46
434.93 96.33
405.31 80.96
390.72 103.07
392.88 106.89
424.1 94.41
413.2 57.81
393.3 59.84
387.92 15.73
384.14 11.34
388.17 4.44
425.72 21.57
448.32 -20.13
437.77 -26.37
434.1 -28.11
445.13 -60.59
453.29 -61.41
453.75 -58.42
438.99 -55.34
430.56 -80.26
464.39 -96.89
446.09 -136.64
449.57 -141.32
471.11 -128.98
488.81 -153.3
466.38 -172.73
481.09 -193.03
499.33 -182.93
487.63 -152.58
507.73 -143.13
507.2 -132.68
496.91 -128.82
480.98 -163.86
445.98 -149.99
431.44 -176.07
463.58 -198.32
455.75 -215.74
409.5 -198.54
398.5 -225.88
372.84 -215.89
367.01 -217.48
359.91 -203.47
327.46 -219.5
332.44 -235.53
311.55 -247.03
307.46 -243.58
332.47 -212.31
344.08 -220.06
369.22 -190.3
349.99 -172.96
380.51 -133.55
358.84 -113.39
348.94 -117.03
331.23 -74.55
351.55 -62.97
370.02 -89.25
409.08 -66.04
408.05 -60.86
384.98 -62.48
378.99 -44.79
337.07 -58.32
346.12 -94.81
391.84 -88.56
399.77 -112.51
380.83 -120.88
360.17 -77.14
321.97 -91.86
312.27 -67.97
355.1 -47.36
357.4 -42.73
328.44 -28.09
313.36 -56.8
316.84 -60.81
318.59 -61.45
321.47 -62.41
309.52 -102.62
274.74 -93.4
275.95 -72.75
324.38 -74.26
325.58 -102.43
329.6 -104.36
334.24 -98.83
318.5 -81.19
286.65 -104.94
308.0 -140.06
292.78 -151.85
273.11 -133.93
275.16 -127.9
246.64 -116.79
256.12 -80.28
267.26 -79.34
272.93 -120.41
257.75 -122.85
256.21 -122.84
255.26 -117.69
231.54 -120.65
229.59 -139.0
252.06 -142.35
253.82 -158.36
299.39 -157.58
302.07 -117.35
300.75 -112.76
258.27 -123.92
264.25 -149.36
246.43 -156.81
263.67 -200.07
252.96 -205.01
230.11 -160.51
254.04 -143.68
256.31 -142.55
273.04 -167.91
238.17 -194.91
210.58 -165.72
223.91 -152.97
211.45 -136.22
175.59 -157.94
163.05 -138.43
130.67 -158.47
116.07 -138.41
140.37 -114.73
132.34 -101.91
134.61 -100.3
148.27 -119.15
121.56 -140.07
124.55 -147.08
112.5 -153.21
118.31 -171.15
72.43 -188.42
55.34 -143.13
70.69 -134.68
58.27 -111.19
27.12 -122.7
30.13 -134.65
-7.96 -149.07
-6.82 -159.67
-15.61 -165.15
-4.63 -183.88
-2.92 -184.45
-3.32 -196.25
-5.24 -198.52
2.75 -205.66
11.84 -200.82
-1.63 -166.92
11.62 -160.67
13.83 -159.89
13.11 -156.45
59.73 -143.68
75.31 -183.9
109.46 -175.49
106.06 -154.8
77.56 -158.55
70.39 -125.37
44.04 -129.42
34.89 -88.54
15.0 -90.4
10.71 -69.15
34.03 -64.15
31.23 -47.88
-13.65 -50.76
-12.32 -89.02
-37.58 -93.65
-39.87 -106.82
-51.25 -105.61
