257 110
299 15
339.83 31.88
345.04 29.44
335.26 0.57
374.55 -17.13
374.59 -25.38
391.42 -25.54
395.3 -58.14
391.28 -59.41
398.21 -83.44
401.52 -86.27
395.5 -95.2
363.31 -73.76
333.93 -109.23
296.67 -78.89
290.94 -79.13
287.14 -45.66
252.71 -44.78
252.0 -26.82
229.32 -25.76
229.87 3.67
248.43 6.73
256.35 -30.87
302.48 -22.92
315.22 -70.71
267.86 -86.97
276.02 -113.15
294.57 -108.71
300.39 -132.04
345.68 -125.66
346.71 -108.58
311.45 -103.08
308.46 -94.77
318.06 -89.57
323.4 -93.12
322.92 -99.07
295.66 -101.68
290.79 -78.97
304.62 -75.48
301.17 -61.47
346.13 -45.4
347.26 -38.42
350.63 -38.82
357.41 6.62
343.12 9.52
341.57 14.45
361.49 25.77
368.97 17.41
362.8 5.24
317.62 23.92
302.94 -4.45
266.28 11.42
280.27 48.68
270.3 53.91
276.51 68.79
322.49 53.79
313.09 16.87
339.9 5.69
333.23 -17.98
355.68 -26.36
366.95 -7.1
359.41 1.47
377.44 22.44
365.87 36.48
395.74 65.44
391.34 75.38
364.21 65.57
352.13 86.28
341.15 81.52
352.14 46.29
341.55 38.81
328.57 57.13
289.99 33.98
306.11 5.11
304.07 0.35
271.99 10.95
281.42 47.72
248.88 56.43
246.74 54.97
224.17 86.3
191.44 67.31
167.22 106.75
207.23 132.32
212.47 124.36
175.88 95.06
161.75 106.25
186.37 145.42
162.75 160.31
155.21 154.15
174.3 123.13
150.81 105.1
174.45 72.06
192.4 82.15
197.95 74.24
163.59 46.6
134.92 78.16
143.87 88.58
140.81 95.15
136.88 98.8
145.66 109.73
185.9 81.26
170.09 53.74
129.48 71.9
120.89 61.44
88.35 84.38
82.43 81.96
79.92 81.03
84.54 61.37
84.42 57.5
75.57 57.76
70.32 33.55
32.25 37.77
23.69 2.03
11.02 0.52
10.57 -3.07
23.65 -8.2
37.87 27.73
21.73 38.64
19.7 39.86
17.73 42.97
-8.27 30.57
11.0 -15.4
10.31 -16.05
22.08 -31.28
14.79 -38.37
30.35 -60.12
47.58 -48.78
59.66 -61.72
36.22 -87.39
3.87 -63.5
5.54 -57.73
12.17 -58.67
19.76 -13.49
-4.83 -5.13
-11.19 -22.07
27.61 -40.38
14.74 -73.95
-5.88 -66.66
-13.16 -79.67
-26.5 -72.6
-45.7 -106.16
-48.0 -106.8
-53.72 -91.78
-69.71 -97.15
-74.19 -90.17
-113.78 -112.65
-135.36 -79.72
-98.87 -55.38
-80.52 -74.48
-69.31 -65.38
-39.84 -95.13
-63.65 -120.57
-68.57 -118.42
-76.17 -126.96
-57.75 -146.74
-61.59 -150.51
-33.37 -184.28
-28.38 -183.48
-27.34 -166.1
4.87 -163.53
6.56 -149.62
-24.61 -143.8
-15.99 -94.64
-2.63 -94.34
-2.16 -44.5
-34.48 -39.76
-40.37 -50.29
-60.15 -43.85
-72.85 -77.92
-118.2 -64.66
-111.35 -24.49
-77.54 -29.39
-81.77 -69.3
-65.62 -71.11
-63.87 -61.96
-35.24 -64.22
-34.83 -96.01
-23.54 -96.33
-19.09 -102.96
7.06 -86.75
15.21 -93.41
-7.18 -121.44
26.74 -153.4
9.46 -174.12
-7.16 -162.59
-3.12 -153.09
-37.41 -134.71
-36.17 -129.95
-25.98 -127.83
-16.54 -164.77
-34.74 -171.86
-33.58 -178.39
-29.41 -178.85
-31.32 -197.73
-42.43 -201.07
-54.69 -161.79
-97.83 -171.14
-103.59 -162.82
-95.09 -151.14
-81.46 -158.88
-65.39 -139.37
-84.01 -117.71
-93.55 -125.2
-97.41 -120.91
-103.31 -120.51
-104.06 -79.21
-142.87 -79.46
-147.74 -35.89
-140.3 -32.18
