260 198
11 218
6.39 189.28
5.17 187.84
26.21 167.76
51.07 191.79
47.46 201.6
10.43 188.82
-5.41 233.29
-9.07 235.2
-13.98 227.35
-4.84 219.95
6.97 229.83
13.4 226.79
7.37 205.26
-24.2 209.26
-24.99 231.64
-44.98 234.06
-45.94 231.01
-66.66 232.89
-66.04 264.2
-39.5 266.64
-38.48 288.73
-81.77 293.7
-85.29 269.08
-128.15 273.25
-134.87 247.25
-170.8 252.38
-171.06 283.93
-211.68 287.3
-214.27 257.58
-256.42 258.94
-261.73 241.61
-284.79 245.25
-294.06 198.85
-246.02 185.84
-245.26 178.4
-214.15 180.21
-214.96 217.18
-244.67 221.25
-248.95 198.25
-236.65 191.47
-229.51 199.82
-196.32 175.97
-168.59 206.67
-151.56 194.63
-163.57 169.29
-161.2 167.56
-185.6 131.68
-209.62 143.22
-213.31 139.02
-187.57 110.96
-188.91 106.84
-172.76 101.08
-164.02 124.54
-117.63 110.62
-125.05 71.99
-118.48 68.44
-100.0 97.84
-78.18 88.16
-67.46 100.03
-76.99 109.67
-54.22 138.62
-25.62 122.43
-4.34 158.5
3.85 158.57
6.52 120.4
35.03 120.41
38.66 104.48
71.92 109.36
80.46 81.92
39.24 66.23
47.3 34.77
18.78 23.72
14.21 30.69
-4.34 23.41
-5.04 14.1
30.61 8.04
41.99 52.22
23.95 59.14
3.33 13.98
11.9 9.2
30.67 33.74
15.02 51.34
-21.52 22.11
-48.38 51.91
-46.15 59.19
-27.33 53.66
-24.91 61.58
-3.0 58.39
-3.4 22.08
37.41 20.75
38.45 47.63
42.07 51.43
8.91 83.22
41.67 119.7
53.22 110.77
37.22 87.14
-0.4 107.99
-18.76 84.42
-58.24 112.63
-61.1 116.2
-62.45 118.07
-39.27 137.55
-66.1 174.17
-84.1 164.97
-72.83 137.08
-105.1 123.04
-112.35 135.0
-149.28 116.04
-152.53 115.17
-151.98 112.62
-149.72 109.4
-129.32 121.73
-105.51 85.36
-79.9 101.05
-93.16 127.19
-76.13 136.24
-83.06 154.05
-82.84 154.16
-57.39 113.9
-88.2 88.57
-96.13 97.96
-92.3 104.34
-132.67 129.75
-106.77 171.73
-117.57 184.17
-88.4 213.44
-61.97 193.1
-58.36 191.9
-72.29 147.81
-103.61 156.36
-114.64 133.83
-153.81 152.7
-151.03 160.07
-176.63 174.07
-158.81 211.74
-173.2 223.79
-185.68 210.78
-200.19 224.18
-212.13 218.49
-232.27 249.85
-212.44 262.78
-226.88 288.78
-237.79 288.26
-243.23 316.8
-239.23 321.3
-265.0 349.74
-249.23 367.24
-221.09 348.18
-224.53 340.57
-214.0 335.21
-192.1 373.04
-183.41 372.92
-178.91 358.43
-177.67 358.45
-177.95 403.52
-167.94 405.93
-157.7 383.32
-153.59 379.8
-161.71 369.05
-202.15 397.38
-204.88 398.91
-226.78 360.72
-227.68 358.25
-186.47 338.05
-186.77 336.92
-197.95 338.82
-203.55 330.37
-195.35 321.46
-165.77 346.22
-175.5 364.51
-136.32 390.79
-118.01 365.92
-90.61 384.48
-86.75 379.44
-86.4 373.99
-82.5 371.73
-73.92 383.66
-34.56 359.03
-42.42 343.98
-49.32 346.36
-64.72 305.48
-50.77 299.89
-60.32 263.75
-93.41 272.03
-93.49 272.17
-107.17 269.75
-101.65 220.65
-113.52 214.95
-115.09 210.35
-69.08 191.87
-79.62 153.73
-88.38 154.59
-89.45 187.32
-114.72 188.45
-115.14 202.02
-150.99 205.08
-150.66 233.85
-144.74 235.48
-143.78 240.66
-183.4 250.25
-185.4 257.62
-185.05 260.68
-216.92 267.86
-222.83 253.24
-249.42 262.09
-261.23 240.12
-286.73 253.43
-297.28 235.24
