119 70
69 209
60.15 206.22
64.41 191.08
52.8 186.08
67.6 147.94
78.48 150.39
78.73 170.78
33.82 173.25
33.5 212.9
66.32 213.73
68.28 199.25
34.65 190.04
38.22 170.37
77.34 175.44
75.71 193.37
105.17 198.28
97.67 247.47
64.93 245.87
62.37 260.5
49.06 260.61
46.21 258.43
69.6 222.78
108.43 243.67
123.64 221.52
137.14 226.15
151.88 191.37
150.46 190.13
127.05 212.61
115.19 200.9
139.72 169.64
147.37 169.83
149.79 126.34
132.43 121.36
121.64 142.73
84.34 126.78
90.81 109.95
87.53 107.31
65.27 132.45
88.47 158.94
124.88 131.0
107.95 105.53
95.59 108.28
102.39 156.08
62.57 163.43
64.09 197.07
77.68 199.35
79.07 197.09
80.82 196.12
77.96 188.38
119.38 168.73
122.37 164.9
92.99 141.92
90.12 138.84
61.92 159.05
64.13 170.38
56.99 175.64
25.3 136.9
-11.08 163.21
-5.37 174.1
36.82 152.88
37.53 148.54
44.3 147.63
45.32 145.1
44.08 142.86
29.51 147.17
18.49 123.04
18.36 120.67
37.94 115.73
43.81 130.42
74.08 122.01
80.06 138.92
71.33 143.75
76.52 157.62
88.95 155.11
95.22 173.29
88.85 178.34
66.78 154.3
88.59 134.01
74.51 113.87
37.55 138.48
42.76 146.9
72.72 131.66
86.45 158.48
112.97 149.2
114.64 153.33
148.15 143.45
161.24 184.06
123.32 199.68
117.54 186.77
107.96 186.18
106.55 144.92
113.6 143.81
116.47 157.5
131.82 156.97
136.43 183.01
125.59 188.35
109.52 166.47
85.54 179.9
104.17 223.3
93.3 228.72
102.38 255.76
148.45 241.2
162.48 282.02
157.97 286.87
148.88 279.41
148.44 275.23
129.47 273.99
125.57 311.89
78.49 308.21
74.78 304.52
78.74 297.48
90.8 299.06
88.27 322.29
100.35 325.42
110.94 294.09
95.85 285.84
95.85 276.45
121.4 274.43
123.75 258.14
129.12 255.91
144.03 282.17
132.77 289.92
143.23 311.8
143.12 314.36
129.54 317.41
119.39 286.79
84.02 297.45
68.37 262.08
42.27 273.01
48.86 295.8
91.76 285.68
93.16 279.21
121.21 284.01
120.11 318.76
156.48 323.42
159.77 300.57
146.0 294.84
141.88 303.73
153.33 311.58
134.47 345.65
139.24 353.22
125.04 362.78
97.9 323.87
133.7 294.41
148.13 306.41
163.12 290.06
186.88 310.11
166.55 335.84
191.79 356.19
214.82 332.18
201.07 314.96
230.09 286.29
259.02 309.7
291.09 276.76
317.07 301.94
328.87 290.54
333.57 292.48
328.75 316.56
331.14 321.01
317.98 331.24
306.69 323.97
287.64 348.66
301.97 361.62
283.58 385.97
273.76 383.95
261.21 424.05
286.13 432.86
276.21 473.89
277.92 475.92
284.0 473.08
269.08 439.43
285.58 428.51
271.29 404.83
293.46 387.2
313.06 405.9
328.15 395.09
327.64 392.32
332.09 389.03
327.13 375.96
330.07 371.07
334.94 369.69
342.13 381.19
331.98 389.69
315.49 370.47
349.84 338.52
381.74 370.02
383.59 370.92
378.09 385.27
422.34 406.39
413.35 429.13
420.46 434.0
447.15 399.6
465.0 412.91
468.96 411.44
470.29 412.11
469.37 423.05
452.12 422.21
447.74 437.94
483.6 453.02
503.26 417.67
546.58 437.32
567.23 400.65
561.3 393.13
528.71 417.58
510.74 394.32
478.53 414.39
475.0 411.39
491.92 386.0
523.8 405.71
