208 52
245 21
240.38 13.48
241.72 9.47
221.37 -0.63
229.13 -22.42
257.18 -12.82
264.16 -31.19
238.24 -46.01
239.16 -53.48
244.7 -56.91
250.59 -56.06
249.05 -28.83
240.3 -25.38
242.91 -10.68
248.3 -9.21
243.96 23.53
207.32 22.46
205.92 -10.06
247.85 -16.02
256.62 31.45
212.33 39.94
214.24 60.68
211.23 62.79
224.43 81.79
228.78 84.08
255.41 43.23
298.77 66.85
300.5 69.3
302.71 68.85
308.33 95.09
309.05 99.4
297.03 102.89
299.06 112.95
308.06 111.72
317.49 149.44
271.77 165.68
274.69 174.42
322.78 161.73
330.16 186.25
349.21 180.61
342.77 145.99
315.89 148.93
311.72 154.32
287.31 139.25
290.29 128.26
269.04 117.96
288.72 73.36
265.18 61.83
269.34 46.2
272.79 46.85
279.11 14.66
262.97 8.82
250.76 28.09
208.94 7.44
212.35 -0.6
174.28 -18.58
149.96 21.58
169.03 38.92
200.2 8.32
199.78 3.32
152.48 3.93
149.81 -19.98
115.19 -17.87
108.96 -44.3
94.71 -43.29
87.53 -85.53
40.32 -79.09
36.44 -79.34
30.0 -49.43
9.65 -48.79
8.67 -14.02
-5.41 -12.3
-10.9 -55.77
-8.76 -56.26
-12.57 -92.21
-58.42 -88.05
-64.62 -135.25
-48.31 -138.28
-45.79 -136.45
-33.86 -145.6
-31.85 -144.07
-33.2 -136.04
-23.06 -133.92
-25.2 -123.35
-47.61 -124.66
-53.25 -93.91
-91.1 -100.23
-90.14 -123.22
-66.81 -125.21
-60.76 -85.34
-14.72 -90.22
-9.55 -58.83
30.79 -62.26
31.29 -88.98
6.37 -90.67
7.02 -136.77
45.65 -139.66
51.09 -119.52
14.53 -109.28
9.16 -113.73
-20.11 -81.59
-4.46 -65.09
-1.76 -60.81
-25.06 -43.35
-48.09 -69.59
-69.3 -51.03
-64.86 -38.75
-17.6 -52.72
0.1 -6.24
-34.64 10.3
-28.9 26.77
-20.52 26.12
-19.17 3.6
-23.85 -1.69
-10.6 -14.56
7.35 -1.8
17.88 -13.54
-12.14 -40.73
-28.74 -26.81
2.56 10.75
31.87 -7.3
42.92 6.11
43.73 7.85
6.45 26.68
-18.19 -12.67
-59.16 11.99
-43.0 39.84
-3.92 21.84
-7.66 3.23
18.71 -5.55
32.11 22.15
55.14 16.03
49.59 -15.59
23.63 -12.14
28.22 31.98
65.33 28.73
70.87 56.95
31.87 68.59
25.09 51.62
58.54 35.96
60.72 33.76
51.7 18.24
92.01 -10.15
107.92 9.0
111.32 6.29
118.21 12.43
105.95 31.97
139.71 56.54
138.86 62.78
168.76 68.8
181.3 30.97
204.85 37.44
201.55 66.64
162.56 67.05
160.35 50.91
148.93 48.77
152.14 4.88
132.67 3.24
129.64 4.67
126.99 4.77
122.33 -42.6
102.96 -42.23
101.53 -11.87
117.93 -9.38
125.4 -58.18
93.63 -63.92
92.1 -67.79
107.0 -78.66
92.14 -100.83
126.11 -126.78
116.87 -142.2
155.44 -170.66
178.41 -147.04
166.97 -129.26
196.57 -106.85
216.45 -131.94
209.58 -142.27
209.8 -143.81
246.2 -139.96
242.86 -104.35
254.48 -102.49
258.25 -95.66
259.45 -91.86
248.94 -85.41
227.15 -119.35
203.51 -108.99
197.69 -117.99
169.3 -101.24
185.18 -71.46
146.4 -46.56
171.7 -7.06
209.18 -28.82
222.85 -14.97
258.12 -45.95
268.51 -36.72
264.2 -27.83
291.38 -9.77
282.18 11.5
237.51 -5.97
229.16 10.24
227.7 14.71
215.35 12.24
218.97 -26.7
181.36 -31.76
185.05 -81.49
202.39 -84.2
198.37 -115.01
153.2 -111.01
148.26 -146.66
