225 164
217 284
224.78 285.19
227.46 269.05
217.68 263.8
216.79 255.6
195.37 257.27
195.62 287.43
197.2 290.58
161.34 309.61
179.09 343.38
153.4 361.76
152.89 367.06
133.21 368.15
130.44 335.21
114.16 331.66
104.75 374.06
79.54 371.61
80.02 322.25
34.37 318.64
29.42 326.22
57.2 348.01
71.52 330.12
36.47 297.19
14.03 314.16
18.57 321.26
50.54 305.07
66.45 326.05
49.17 345.05
52.48 351.15
90.09 334.91
106.27 361.26
142.54 343.07
127.49 305.72
89.54 318.56
81.45 296.3
79.83 295.47
58.49 333.52
52.48 335.48
51.62 338.2
41.38 339.68
44.48 379.05
68.37 379.43
69.88 370.96
95.08 374.64
101.5 364.09
88.98 354.64
64.21 380.27
56.0 377.25
56.98 374.22
28.11 362.62
8.04 401.24
9.61 402.69
3.36 415.98
23.95 429.85
41.07 411.23
61.01 429.0
83.22 404.36
72.05 393.67
86.37 377.64
54.01 347.31
51.69 344.75
12.73 376.15
-21.65 340.65
-20.63 332.88
-37.23 327.1
-24.82 279.63
-47.81 272.55
-55.77 295.69
-89.37 284.35
-98.24 304.43
-81.98 313.2
-61.17 283.5
-64.88 278.07
-53.07 267.06
-75.13 236.65
-100.81 252.47
-97.87 258.29
-91.38 260.43
-75.89 216.8
-65.42 218.03
-60.53 215.29
-68.17 197.19
-91.04 202.63
-97.79 175.96
-94.41 172.34
-101.95 160.17
-141.81 183.0
-162.35 151.35
-138.55 130.38
-137.16 125.66
-180.7 107.65
-198.47 145.47
-200.81 147.28
-194.21 160.95
-215.17 174.28
-221.88 166.26
-256.55 193.25
-266.38 187.73
-264.62 175.19
-222.25 177.49
-220.39 226.66
-230.71 227.99
-234.88 215.04
-224.64 207.55
-227.62 198.35
-191.57 184.25
-198.34 157.36
-168.66 148.81
-157.67 169.13
-139.55 164.87
-138.71 165.1
-134.33 150.45
-168.69 138.99
-154.75 91.92
-173.79 83.82
-186.93 111.69
-183.68 114.99
-197.42 130.14
-229.0 105.76
-217.25 88.13
-242.66 65.23
-228.57 46.81
-225.97 45.84
-225.11 38.98
-179.91 44.26
-176.24 47.15
-141.81 11.27
-131.28 20.51
-122.6 14.76
-141.82 -20.64
-166.78 -9.97
-165.22 -4.5
-205.57 11.07
-197.37 44.93
-152.69 36.04
-151.57 34.58
-146.8 35.11
-139.28 -3.24
-175.76 -10.61
-169.59 -59.51
-126.62 -55.68
-119.84 -100.24
-145.64 -104.19
-151.35 -70.01
-145.1 -64.35
-138.85 -69.34
-161.8 -105.87
-202.54 -81.95
-221.91 -113.2
-239.44 -103.31
-244.69 -106.69
-226.44 -136.21
-238.53 -144.92
-245.44 -138.91
-229.98 -118.13
-202.83 -137.9
-204.7 -147.49
-161.96 -159.04
-165.62 -183.46
-196.61 -182.28
-200.23 -153.72
-168.12 -149.32
-164.49 -148.96
-167.73 -107.37
-207.9 -110.37
-208.95 -140.36
-258.42 -142.29
-263.93 -98.63
-229.31 -92.43
