22 123
46 203
50.06 202.14
61.15 247.09
62.83 251.68
78.33 246.2
75.79 238.86
82.94 234.72
79.87 222.36
120.69 209.9
135.37 255.71
144.28 256.96
142.32 306.52
122.96 305.91
120.27 285.05
141.71 281.52
139.41 260.85
111.57 263.28
106.97 239.1
62.55 244.71
58.38 230.98
15.79 241.38
16.05 250.24
34.1 250.95
35.93 280.57
76.48 281.17
79.91 309.58
30.97 319.88
26.4 305.87
45.96 294.35
44.36 289.4
43.53 287.28
79.27 271.35
66.29 238.97
100.84 219.83
87.31 188.41
71.27 193.11
58.52 162.56
102.06 142.58
91.09 116.81
67.48 125.48
64.84 130.09
83.2 141.6
110.04 102.14
83.35 82.57
105.25 49.34
132.48 63.35
137.78 61.5
124.73 13.32
138.67 7.39
135.36 -13.0
127.92 -13.26
123.98 1.38
159.59 14.89
154.83 32.93
109.24 25.43
100.54 59.35
68.94 52.39
65.46 61.14
74.75 65.05
81.33 53.21
114.13 66.78
133.45 22.58
98.97 5.94
76.21 49.72
57.74 40.88
48.67 59.33
67.34 70.61
95.82 32.05
83.14 19.46
92.01 6.68
111.36 19.6
126.59 -3.16
150.39 7.32
170.36 -36.44
174.52 -37.73
186.84 -10.76
170.93 -0.2
177.32 9.61
208.11 -10.27
225.01 10.17
251.08 -10.66
270.87 8.05
298.78 -15.89
328.66 15.1
360.56 -13.01
356.75 -19.93
342.87 -17.37
332.59 -48.12
365.4 -59.49
362.57 -82.51
384.18 -85.87
391.28 -60.58
346.09 -44.23
341.17 -57.75
300.97 -46.57
295.33 -51.24
308.42 -73.31
274.13 -96.88
290.11 -123.6
274.52 -138.46
296.92 -162.13
321.31 -139.64
316.15 -132.97
347.94 -106.34
357.49 -116.47
333.74 -143.44
345.27 -157.34
381.82 -133.38
408.69 -168.39
380.99 -193.93
369.13 -186.38
387.71 -155.65
386.21 -151.68
391.05 -149.86
381.38 -115.02
358.9 -117.28
355.64 -91.11
341.7 -92.25
334.9 -53.71
293.89 -56.81
286.03 -11.06
271.7 -8.64
263.86 -42.89
245.17 -39.67
235.93 -65.25
234.99 -67.6
277.01 -85.93
296.0 -47.28
316.17 -56.57
328.77 -36.16
315.99 -24.06
293.65 -43.83
286.99 -42.06
287.14 -27.32
290.9 -23.06
255.14 10.08
261.65 17.67
248.92 30.48
215.8 1.79
188.8 25.86
212.85 56.4
190.04 77.49
178.18 67.84
158.28 89.41
151.34 87.24
145.06 96.5
157.06 105.46
148.96 118.06
148.36 119.61
104.96 105.71
116.1 67.3
127.46 67.13
128.64 90.95
162.97 91.01
164.77 128.45
129.51 134.66
128.59 148.56
124.35 150.37
126.75 164.89
113.61 171.88
97.34 141.81
134.25 120.5
113.14 75.74
85.82 84.13
94.63 129.64
115.3 127.66
123.08 161.87
133.41 160.14
136.25 159.37
