85 219
172 76
143.33 58.13
127.56 81.51
144.58 95.72
156.86 88.74
141.74 59.44
156.8 47.09
151.65 37.84
111.69 57.54
116.77 72.03
74.37 90.75
78.72 103.58
102.11 98.02
95.12 52.82
101.94 48.47
83.79 12.44
60.23 22.29
52.08 9.81
85.83 -16.74
69.41 -41.21
82.46 -55.23
52.56 -86.36
18.09 -59.04
24.41 -48.3
20.72 -45.41
-5.5 -77.15
10.49 -91.31
35.43 -66.29
49.32 -78.12
45.8 -89.88
14.08 -80.72
1.78 -114.65
46.86 -133.46
49.08 -136.51
63.67 -129.82
80.78 -158.53
69.68 -166.56
94.26 -208.09
112.47 -198.93
136.39 -240.68
136.94 -241.2
129.38 -252.41
160.27 -275.68
147.89 -300.17
142.34 -298.97
151.53 -254.03
139.64 -249.43
122.72 -282.58
145.82 -296.51
173.42 -256.16
155.43 -239.27
184.68 -204.76
204.24 -220.62
181.28 -252.99
174.39 -248.2
174.5 -241.92
214.0 -238.76
219.31 -275.86
267.46 -272.65
271.48 -273.72
265.91 -304.92
250.43 -306.85
243.37 -281.23
277.26 -270.59
290.38 -301.49
300.39 -299.56
306.83 -328.56
322.09 -328.93
322.16 -345.65
282.72 -348.48
280.76 -323.8
318.77 -318.69
318.69 -314.58
290.34 -310.35
292.01 -276.82
274.6 -274.57
270.63 -305.09
228.12 -302.72
224.21 -286.91
266.12 -273.68
252.76 -229.04
243.01 -228.54
239.26 -235.22
238.89 -239.22
254.44 -241.76
259.79 -209.99
267.66 -210.06
270.3 -192.08
226.95 -181.89
232.88 -138.75
271.4 -139.55
272.17 -160.44
299.72 -160.98
303.09 -199.77
320.54 -198.27
320.29 -159.36
314.42 -154.78
305.42 -160.75
321.89 -188.96
355.75 -169.21
342.87 -141.0
368.38 -123.94
377.96 -130.83
367.15 -148.79
331.77 -129.29
304.35 -170.73
270.04 -150.6
292.25 -107.61
273.63 -94.43
250.45 -126.75
265.56 -143.03
240.89 -170.15
256.64 -186.74
224.9 -220.31
206.8 -206.63
190.69 -222.9
182.74 -219.51
176.5 -228.2
201.94 -251.26
197.05 -258.5
159.49 -233.52
171.31 -213.87
199.65 -227.06
182.68 -268.76
205.11 -282.23
191.93 -307.08
195.91 -313.38
195.57 -317.67
222.4 -321.97
227.41 -298.1
185.56 -287.09
183.43 -284.12
168.57 -288.73
167.49 -300.35
158.18 -303.16
157.71 -310.35
118.01 -309.21
112.73 -322.96
155.28 -340.74
159.1 -335.4
163.43 -333.05
154.63 -308.52
170.06 -300.8
166.41 -285.43
136.02 -288.55
130.64 -275.82
161.11 -262.21
168.45 -277.13
169.83 -278.41
182.59 -270.06
167.0 -245.68
141.62 -260.5
160.15 -292.38
189.42 -281.08
204.13 -318.35
218.43 -313.46
218.36 -303.38
253.14 -299.17
261.29 -326.53
297.54 -320.15
291.22 -282.2
242.19 -287.23
239.63 -276.4
263.27 -270.33
271.04 -292.78
265.94 -299.3
233.36 -276.4
208.51 -303.55
233.67 -328.9
