43 249
64 148
91.36 149.17
92.9 158.67
65.19 167.9
61.56 157.64
27.4 166.63
22.93 155.9
-2.9 165.63
-9.63 154.01
-13.22 155.96
-32.91 126.36
-56.03 137.47
-75.86 104.08
-91.52 107.77
-97.46 96.17
-81.94 85.27
-62.33 110.45
-80.57 129.9
-82.35 131.99
-107.67 111.93
-79.05 74.15
-79.55 72.31
-95.72 75.36
-101.28 57.19
-55.22 38.29
-58.64 19.51
-94.09 22.1
-94.9 39.35
-83.18 41.68
-81.79 41.91
-81.89 57.66
-87.14 58.14
-88.05 57.21
-71.69 38.65
-78.08 27.39
-40.69 3.21
-37.09 6.03
-62.79 41.55
-74.06 39.45
-72.0 20.73
-95.09 14.79
-87.75 -21.61
-114.42 -28.38
-110.68 -53.07
-110.26 -53.26
-110.35 -56.27
-62.57 -57.93
-61.52 -92.05
-18.68 -92.56
-17.74 -50.88
5.68 -46.52
7.23 -54.5
-29.09 -63.64
-37.63 -49.36
-51.87 -53.59
-68.94 -9.74
-112.1 -24.49
-105.73 -54.31
-113.12 -57.59
-131.24 -17.0
-158.27 -24.37
-156.42 -45.54
-145.65 -46.31
-142.3 -25.56
-168.73 -18.16
-181.87 -63.9
-169.49 -72.17
-193.4 -111.38
-195.42 -111.32
-201.41 -147.88
-236.55 -146.77
-241.21 -152.28
-250.8 -145.91
-240.75 -124.02
-200.52 -137.78
-198.55 -146.58
-175.11 -144.48
-174.24 -147.55
-150.0 -140.89
-134.93 -182.86
-160.98 -196.09
-145.48 -234.69
-161.72 -243.48
-179.21 -214.56
-141.57 -190.13
-155.54 -161.21
-162.18 -162.97
-173.57 -128.52
-187.06 -131.11
-195.56 -100.65
-185.21 -93.46
-159.32 -126.31
-187.72 -150.3
-182.09 -160.72
-142.37 -143.42
-138.08 -143.93
-132.39 -131.94
-167.79 -113.27
-147.0 -70.65
-151.36 -67.63
-179.74 -102.89
-204.06 -85.68
-188.96 -61.8
-176.7 -65.3
-182.73 -88.92
-138.08 -101.68
-137.37 -101.57
-133.83 -93.76
-164.61 -79.61
-153.15 -51.11
-184.88 -33.02
-180.49 -20.06
-210.71 -9.18
-206.76 14.78
-163.32 8.1
-164.8 -26.94
-186.05 -30.96
-196.26 2.67
-160.16 15.16
-157.24 8.63
-149.11 7.4
-152.38 -33.96
-138.75 -39.89
-144.14 -53.3
-131.2 -62.56
-126.42 -61.53
-113.9 -101.36
-91.24 -94.39
-97.88 -63.12
-84.35 -60.16
-91.24 -26.18
-137.08 -30.41
-142.11 1.36
-146.7 5.47
-129.78 27.76
-131.37 31.87
-128.35 38.27
-144.36 50.93
-131.66 74.52
-134.7 76.88
-165.31 38.3
-144.32 17.85
-148.49 7.39
-143.31 2.29
-144.55 -0.79
-142.39 -6.6
-177.78 -24.47
-157.63 -70.11
-171.7 -76.68
-192.82 -34.67
-170.24 -20.73
-157.44 -40.13
-138.8 -32.49
-141.07 -17.88
-173.03 -18.62
-174.83 28.35
-208.49 28.01
-212.3 22.54
-182.23 -4.25
-202.58 -33.07
-227.04 -20.68
-244.92 -50.79
-209.39 -74.11
-189.77 -47.98
-168.56 -57.69
-150.61 -30.2
-135.35 -38.22
-125.6 -21.11
-133.73 -15.28
