221 191
31 125
32.26 120.5
45.76 121.91
47.96 122.76
47.21 133.58
51.4 134.57
58.37 117.41
40.33 107.74
14.76 148.62
14.31 152.46
9.48 153.86
7.75 150.71
6.75 150.68
1.32 172.48
-23.3 170.96
-24.39 169.57
7.28 141.11
-17.28 109.0
-33.47 119.33
-42.23 110.0
-75.36 135.31
-92.52 115.53
-78.05 98.95
-60.96 109.33
-67.52 121.17
-76.14 117.72
-66.82 81.56
-108.97 67.88
-124.93 107.74
-99.35 123.17
-107.51 140.54
-88.45 152.78
-85.61 151.32
-80.98 151.54
-80.15 177.36
-65.76 179.82
-63.19 180.05
-59.39 182.0
-60.43 194.12
-68.32 194.27
-69.72 231.08
-117.73 233.1
-120.21 281.32
-151.34 284.45
-154.36 289.65
-191.15 268.57
-169.25 224.13
-208.48 203.3
-192.19 168.03
-234.44 144.56
-237.91 143.93
-245.89 173.74
-236.76 178.95
-256.23 215.21
-276.07 206.49
-277.7 205.6
-260.43 166.43
-239.93 173.07
-236.73 176.79
-226.16 168.62
-200.5 197.82
-187.07 187.82
-175.9 202.29
-165.47 200.24
-158.63 215.5
-181.32 229.51
-189.76 223.54
-178.21 201.82
-139.68 218.53
-129.46 199.82
-157.44 184.17
-160.49 180.93
-182.03 198.4
-160.93 225.01
-135.48 206.61
-151.11 177.93
-113.84 154.67
-101.05 170.67
-73.44 153.29
-93.08 120.54
-64.45 98.99
-90.8 60.39
-107.89 66.77
-100.46 94.51
-139.84 108.61
-123.89 154.42
-168.01 174.33
-180.12 155.27
-176.44 147.3
-205.9 129.99
-216.18 143.0
-203.92 157.54
-196.12 151.54
-220.25 117.4
-244.92 134.61
-225.74 169.02
-246.94 186.53
-216.29 225.5
-254.02 257.34
-287.59 223.44
-321.59 251.12
-333.93 241.84
-357.27 270.17
-350.84 281.07
-344.59 281.22
-343.9 269.0
-319.3 265.84
-314.88 282.13
-333.27 288.66
-324.65 316.25
-363.44 331.91
-370.99 318.12
-400.67 333.01
-389.8 361.72
-359.29 353.21
-354.04 363.23
-321.07 350.6
-325.8 331.9
-331.92 332.11
-337.06 317.38
-383.67 333.07
-388.9 327.77
-406.49 342.16
-401.77 353.13
-359.09 335.16
-342.57 368.08
-324.32 360.1
-325.04 349.29
-301.22 345.03
-305.82 302.16
-277.69 298.0
-270.23 337.78
-229.05 331.1
-222.7 346.64
-258.29 365.49
-263.54 357.5
-255.74 347.0
-231.61 361.71
-224.74 359.47
-219.13 371.46
-246.62 388.58
-247.3 392.77
-212.63 401.28
-213.57 414.13
-248.06 415.86
-250.97 397.21
-271.71 398.91
-276.69 360.31
-267.25 355.66
-248.73 384.72
-258.34 394.86
-263.5 396.11
-263.74 414.1
-215.42 419.04
-212.42 437.74
-171.17 432.8
-168.74 444.15
-150.46 441.91
-149.12 447.06
-156.06 451.41
-181.34 414.69
-193.5 419.41
-182.63 450.85
-151.92 440.43
-139.79 462.68
-182.35 488.4
-169.22 518.83
-205.1 535.64
-224.16 502.1
