92 190
215 235
218.42 238.44
241.66 221.48
268.4 254.53
256.02 269.14
257.47 270.79
232.29 293.79
257.6 326.24
271.4 316.5
273.91 318.67
294.91 299.67
306.42 311.62
322.08 298.26
338.03 314.26
372.14 282.76
363.23 271.88
336.01 291.57
333.93 295.42
336.26 299.41
310.89 318.82
327.93 341.19
309.04 356.4
320.27 377.61
349.27 363.77
349.94 358.24
343.72 353.24
366.5 319.21
352.06 305.93
338.04 314.35
353.99 343.38
383.39 327.43
402.17 356.85
385.52 369.19
407.59 406.72
444.58 388.11
453.97 403.54
429.94 419.91
410.43 392.97
430.27 377.66
461.34 410.79
454.78 423.28
464.55 432.19
444.55 461.1
476.78 488.65
505.27 461.39
532.13 485.35
533.56 487.15
539.97 482.77
528.08 460.32
490.37 475.24
486.99 466.96
527.46 449.9
511.99 406.52
522.42 399.94
520.12 388.53
525.86 383.73
515.6 365.56
505.78 368.82
511.46 399.49
519.18 399.18
525.97 445.44
539.97 444.7
542.3 423.34
539.71 419.36
506.91 439.17
525.21 477.71
494.25 495.68
480.25 480.5
509.54 447.92
492.73 431.2
477.1 441.33
466.06 432.72
462.33 431.42
465.32 413.86
420.12 402.78
414.31 413.86
446.84 435.78
468.72 405.53
505.81 428.54
533.82 389.5
518.96 374.05
530.66 359.79
517.58 342.94
481.02 370.45
476.13 364.88
501.38 340.52
520.39 357.79
508.27 373.68
500.78 371.57
500.01 368.49
500.04 365.65
517.66 365.05
521.46 408.24
570.57 407.74
572.62 455.45
598.53 459.06
608.96 414.91
581.84 407.88
574.26 428.41
617.34 445.58
617.73 457.59
613.0 462.07
604.34 458.95
619.75 415.59
590.29 400.65
579.9 415.49
553.53 399.75
532.06 433.14
565.96 460.66
577.16 450.85
565.21 432.13
577.24 424.37
593.73 448.29
611.69 439.09
620.12 445.54
596.08 477.2
611.4 491.66
606.68 501.56
585.23 493.09
592.15 470.14
565.95 457.05
562.72 461.42
562.98 467.77
586.78 468.99
586.5 492.43
589.19 495.76
582.79 501.59
576.03 500.34
583.52 455.64
613.39 456.17
615.09 421.55
588.44 416.52
592.28 388.45
635.59 393.67
640.5 388.35
670.98 410.77
647.41 445.63
614.75 428.53
606.21 442.85
566.54 421.97
549.15 445.4
567.03 458.7
577.42 446.36
594.87 458.33
593.63 464.61
564.93 460.64
566.57 419.37
533.55 413.7
524.4 437.6
567.41 458.26
584.72 432.8
612.24 446.01
604.47 472.11
595.97 471.55
597.91 430.75
578.2 427.44
570.94 451.82
527.76 442.19
519.86 472.99
554.74 485.59
558.88 478.69
535.87 459.24
567.17 420.64
606.48 447.84
592.86 471.76
557.67 453.59
535.33 486.68
499.91 467.99
506.43 445.2
477.75 436.11
459.34 480.52
457.71 482.5
477.16 504.74
505.04 486.59
501.49 475.96
518.74 470.01
527.23 489.78
550.35 482.53
541.69 452.57
530.28 454.81
533.91 485.38
508.71 491.48
511.13 518.85
506.79 521.85
490.56 501.86
489.17 501.12
490.76 490.19
447.82 483.68
445.02 471.88
467.82 466.31
482.42 506.5
470.37 514.77
460.6 503.66
490.5 472.19
484.19 465.19
458.23 482.34
460.06 492.58
442.04 498.1
452.42 534.32
479.67 531.1
479.78 507.47
458.48 505.87
456.38 505.33
441.01 552.03
448.35 558.38
465.12 546.6
464.59 539.48
416.55 542.24
412.2 501.57
405.0 501.66
404.32 520.75
368.36 524.23
365.11 502.2
360.28 499.37
364.18 484.42
338.97 474.14
332.1 487.79
347.36 496.13
343.34 507.75
352.91 515.07
353.21 516.09
364.44 515.26
365.39 525.36
404.64 523.57
404.8 497.57
402.86 493.65
389.98 498.45
384.44 496.97
373.15 534.64
392.81 541.34
410.69 503.11
440.62 514.61
443.37 508.81
443.35 508.54
467.07 505.03
475.99 533.6
480.54 536.37
506.09 495.46
544.79 513.85
