39 58
157 44
158.09 22.99
157.45 19.26
169.42 16.69
170.88 10.04
194.9 12.0
200.65 -9.03
208.82 -10.14
214.52 5.99
237.46 1.32
246.85 45.91
271.9 44.15
271.8 -0.73
247.64 -4.74
239.48 42.66
278.1 54.13
289.31 25.71
288.1 24.75
297.25 5.78
298.41 5.98
310.27 -38.91
297.15 -45.41
278.72 -16.25
300.13 0.85
305.79 -6.01
292.42 -21.23
268.07 -4.55
295.86 36.57
284.74 48.0
255.74 19.99
252.52 21.54
251.37 23.1
266.96 35.15
240.06 72.77
201.53 48.45
223.28 11.99
223.33 6.26
181.32 3.69
180.75 -1.07
164.65 -0.76
163.56 32.75
143.2 35.59
141.68 36.52
126.97 14.7
114.81 22.38
97.0 -5.36
60.82 16.12
67.05 35.8
71.21 38.59
86.54 22.44
76.44 12.83
82.26 1.62
104.01 12.85
115.95 -5.53
141.55 9.93
165.54 -23.61
139.31 -43.71
116.14 -16.15
134.72 3.83
125.96 18.35
149.97 35.02
149.87 40.68
182.87 42.03
184.35 9.96
219.15 7.84
221.79 -12.73
178.28 -18.95
171.06 22.91
145.22 18.76
142.61 17.21
144.16 8.82
128.95 4.25
126.03 8.47
164.37 37.95
143.92 67.92
120.48 55.38
122.85 42.19
148.24 42.19
150.68 7.62
106.14 3.78
104.05 -22.41
97.27 -25.73
87.27 -11.96
62.02 -27.74
69.81 -42.46
101.79 -29.47
91.8 5.04
77.25 3.64
69.9 40.4
66.99 44.34
63.56 46.5
72.86 67.6
117.0 49.22
131.62 82.12
124.59 86.48
105.27 62.78
88.56 74.63
93.48 89.52
125.44 84.2
126.57 85.54
126.34 90.86
126.6 93.5
126.7 95.04
81.89 98.26
79.65 109.14
101.81 117.52
86.81 158.2
87.5 161.63
74.7 168.33
73.25 168.53
75.79 200.52
86.21 201.99
87.05 205.67
57.51 214.42
39.86 168.62
28.42 172.09
26.18 168.5
-9.99 185.51
-13.67 188.21
-10.77 193.63
30.82 171.51
51.99 203.91
56.26 205.88
54.32 211.86
12.26 200.29
1.67 224.02
-20.23 217.33
-25.12 232.32
3.7 244.91
-11.71 288.08
4.04 295.4
1.08 308.76
17.42 314.07
28.8 282.17
26.36 280.7
49.88 238.5
81.76 252.32
78.01 263.44
59.36 262.32
59.99 238.56
56.99 234.53
39.22 242.09
50.63 271.33
54.84 273.81
75.76 238.34
67.72 230.63
97.63 193.28
133.77 220.08
128.32 233.15
102.96 226.05
104.27 203.76
84.99 199.39
89.61 167.71
114.95 170.74
116.58 194.41
83.19 199.05
79.14 191.68
113.9 171.97
107.22 154.25
138.0 138.9
122.16 99.52
107.94 100.86
104.37 73.45
55.38 77.41
56.17 99.32
27.8 101.58
24.05 95.5
42.08 79.84
16.35 45.09
0.74 52.75
-13.09 33.58
22.34 5.65
28.73 10.01
45.82 -8.82
77.36 14.97
60.44 40.67
47.03 36.73
48.02 18.22
84.15 18.12
85.12 -12.25
108.22 -13.95
107.79 -30.86
130.08 -33.43
135.15 1.02
119.88 7.04
135.91 49.27
163.06 40.54
157.41 15.97
120.06 22.12
125.57 60.23
92.21 69.75
87.79 66.76
59.68 103.01
44.08 95.15
43.65 88.13
93.02 83.31
95.46 83.42
100.52 53.5
126.97 53.79
128.05 23.26
118.3 19.61
125.89 -6.13
157.24 0.62
151.55 35.63
182.58 43.02
190.23 24.21
170.16 12.05
167.32 9.77
178.67 -7.54
212.95 11.25
223.33 -4.58
208.78 -19.8
215.04 -29.72
230.12 -25.68
236.85 -32.52
241.73 -34.73
250.48 -22.21
262.18 -28.82
249.82 -50.71
286.25 -75.64
303.55 -55.26
328.2 -70.66
321.65 -83.41
358.52 -105.47
386.79 -65.49
390.64 -62.81
400.11 -70.47
382.36 -99.24
377.16 -99.69
375.83 -130.49
345.65 -134.01
341.27 -126.81
371.03 -104.12
400.94 -137.85
402.87 -139.85
396.33 -152.68
364.72 -140.15
368.88 -121.46
371.55 -117.31
