84 197
225 43
248.96 60.91
245.23 72.93
224.04 68.42
222.45 53.48
184.97 53.5
182.1 17.49
204.7 15.38
203.91 -9.63
201.01 -12.95
217.13 -30.37
193.38 -57.07
220.73 -86.2
213.93 -93.34
236.73 -121.23
248.85 -115.89
256.2 -121.45
248.18 -134.12
239.16 -128.51
231.39 -139.76
232.86 -144.28
260.34 -139.57
262.6 -136.29
243.71 -121.28
213.34 -152.88
215.42 -156.25
197.38 -170.82
164.44 -136.56
150.69 -143.0
133.37 -115.29
151.93 -100.27
142.91 -88.41
168.03 -64.23
182.89 -77.76
179.13 -82.15
193.96 -98.54
221.46 -78.04
229.03 -82.22
215.48 -110.49
215.97 -111.59
261.17 -96.15
261.96 -97.06
299.38 -69.24
278.19 -39.48
236.14 -65.12
232.02 -61.37
230.41 -61.78
224.48 -56.13
248.35 -29.15
228.58 -5.82
260.19 24.82
257.2 29.9
234.98 18.51
230.37 25.28
249.33 41.95
263.41 30.21
252.37 14.28
245.14 16.2
250.54 46.24
225.68 55.63
219.12 48.13
204.54 57.09
188.15 37.12
148.34 64.96
166.81 92.21
205.41 70.67
230.78 107.78
251.62 97.24
234.82 56.22
207.44 65.38
192.37 28.44
159.57 37.68
155.28 25.57
117.75 34.34
111.43 14.66
81.46 20.91
70.2 -10.11
91.95 -20.93
74.48 -58.17
56.46 -49.91
61.24 -34.79
43.65 -28.66
50.01 4.34
37.16 7.22
28.95 -23.01
33.57 -26.14
10.16 -67.01
9.1 -71.86
15.29 -78.16
27.34 -69.73
7.13 -33.92
-24.69 -48.26
-7.69 -92.74
11.84 -86.97
25.19 -117.51
29.7 -116.28
44.5 -155.58
90.66 -139.62
91.44 -140.49
61.63 -171.41
62.5 -178.8
60.67 -183.05
60.17 -185.04
31.49 -181.31
31.78 -166.92
43.6 -164.92
51.53 -208.94
96.56 -201.1
106.77 -236.35
130.06 -234.77
136.28 -253.33
181.33 -238.82
192.46 -260.88
237.83 -243.02
258.86 -287.99
275.04 -282.7
260.41 -237.41
238.68 -244.3
226.41 -206.14
228.79 -201.89
253.95 -212.02
263.96 -197.56
289.45 -210.55
282.15 -234.65
268.56 -235.76
267.69 -267.59
243.12 -270.95
239.96 -250.19
218.79 -251.58
215.61 -274.82
203.19 -274.62
198.91 -250.98
200.29 -246.14
190.89 -242.03
197.15 -223.48
221.52 -228.38
230.65 -190.93
228.92 -189.33
196.36 -219.75
189.64 -216.45
199.58 -193.32
213.72 -197.29
209.09 -217.19
206.62 -216.89
201.26 -222.99
231.02 -255.32
256.29 -233.01
248.06 -220.33
224.61 -231.18
220.34 -225.33
212.68 -229.59
217.36 -239.41
213.18 -241.67
199.76 -221.05
236.6 -192.58
261.69 -221.63
282.45 -205.51
281.33 -197.94
249.62 -197.98
249.46 -224.79
295.92 -225.34
295.69 -252.63
253.62 -254.49
252.57 -265.57
203.19 -265.0
199.29 -271.55
169.03 -256.03
188.71 -214.87
154.79 -196.78
158.28 -184.66
148.75 -178.45
145.53 -180.72
149.34 -191.45
120.02 -206.26
116.06 -208.77
135.98 -246.37
95.19 -269.56
74.64 -241.43
95.04 -224.36
103.73 -228.26
108.36 -229.76
122.34 -189.79
169.39 -201.15
174.85 -188.32
177.1 -187.04
195.37 -210.37
162.26 -237.65
164.62 -248.15
124.21 -261.35
119.1 -251.0
102.98 -255.77
104.78 -271.96
99.7 -272.7
103.72 -303.22
138.01 -299.15
141.81 -289.01
171.93 -299.41
161.78 -329.73
153.03 -326.94
164.69 -288.03
152.17 -280.02
146.3 -284.26
164.9 -313.75
183.28 -304.58
196.02 -321.86
167.14 -346.23
169.23 -350.8
159.65 -356.82
184.27 -399.12
153.98 -420.61
133.65 -394.42
105.94 -411.14
110.07 -423.57
144.27 -416.02
141.85 -399.72
135.77 -398.39
129.51 -416.76
152.05 -429.0
176.29 -387.46
142.23 -367.47
155.91 -343.47
115.79 -318.69
130.89 -290.47
89.16 -264.37
67.69 -297.37
31.38 -278.7
23.37 -283.37
17.7 -277.02
-9.04 -298.11
-1.27 -314.89
36.02 -302.92
35.65 -290.72
-10.87 -289.56
-16.87 -331.33
7.99 -335.19
14.38 -314.59
4.64 -308.47
14.52 -284.2
-8.44 -271.85
