181 2
64 137
74.49 151.73
99.77 136.64
108.12 148.03
113.42 147.28
117.18 153.4
94.53 171.18
96.69 178.93
98.87 181.83
120.57 168.67
142.77 200.7
121.75 218.33
94.22 189.93
118.66 165.1
139.7 183.84
164.29 160.43
191.4 186.08
170.34 214.51
181.85 227.37
159.96 249.07
141.96 233.6
133.34 238.73
106.5 199.91
129.48 180.76
124.78 173.0
83.21 193.61
86.19 207.44
104.13 206.14
108.75 202.83
105.61 194.7
79.42 202.33
83.12 215.72
65.08 221.49
50.57 178.79
79.53 167.87
74.2 151.23
118.7 131.79
129.37 152.9
173.32 134.98
162.69 100.59
133.57 107.27
137.99 139.73
99.77 147.82
88.25 116.59
75.25 117.19
69.34 91.74
105.68 80.56
106.13 74.03
116.19 74.7
118.82 51.81
106.59 48.98
111.87 19.38
84.82 14.34
86.58 0.84
104.77 -0.35
103.69 -24.74
66.12 -28.03
62.0 -27.0
62.5 -20.41
97.51 -20.94
100.44 -24.29
96.19 -29.2
99.81 -34.6
82.38 -51.04
59.08 -27.19
71.04 -11.23
61.95 -1.61
53.94 -4.57
62.44 -39.71
45.49 -44.83
59.5 -92.59
72.31 -91.89
76.16 -107.32
97.3 -103.48
101.0 -116.84
81.78 -123.61
94.42 -164.1
93.85 -166.59
55.87 -161.11
47.84 -192.62
4.84 -182.79
3.75 -180.02
-30.64 -190.59
-48.29 -145.33
-11.29 -126.7
-5.15 -133.02
26.75 -108.85
4.03 -71.29
39.25 -48.92
21.33 -17.7
61.07 9.55
79.43 -9.18
81.3 -10.42
73.06 -29.28
35.58 -16.8
41.39 11.52
21.47 19.72
14.08 11.02
15.25 5.07
43.59 6.82
46.95 9.02
32.82 37.4
43.14 42.92
44.16 42.98
47.07 52.49
1.98 68.55
-0.26 67.1
-8.38 77.15
-6.96 81.84
-51.71 100.33
-56.16 98.43
-69.22 126.78
-94.01 118.3
-98.61 117.18
-105.26 136.68
-140.67 125.59
-140.02 117.29
-122.32 115.8
-115.99 154.47
-117.28 154.94
-129.08 135.36
-141.86 140.42
-131.12 169.71
-142.25 177.58
-157.07 163.69
-143.31 147.62
-134.9 148.26
-130.39 127.73
-97.14 133.13
-93.84 140.43
-63.93 129.35
-51.01 161.41
-92.53 182.48
-105.27 165.31
-92.83 152.99
-90.22 150.63
-58.56 180.15
-43.72 165.66
-60.08 147.04
-89.79 171.41
-105.42 156.64
-127.92 177.97
-120.65 190.5
-113.29 189.63
-107.03 239.08
-104.56 240.07
-91.92 210.27
-70.11 218.11
-72.21 236.23
-97.76 237.99
-99.1 245.84
-112.9 247.91
-114.11 263.17
-134.55 262.63
-137.46 248.19
-130.7 246.62
-120.67 268.44
-105.61 265.68
-100.66 271.18
-124.5 295.68
-91.0 329.74
-77.1 318.85
-104.34 281.28
-140.61 307.04
-116.44 347.42
-118.71 353.01
-96.34 364.08
-78.83 336.09
-56.64 344.89
-66.19 372.97
-48.7 383.78
-71.2 422.25
-30.99 448.32
-49.1 480.04
-17.88 501.45
-6.15 489.85
21.03 515.52
18.04 522.96
5.35 521.85
0.22 570.84
2.03 571.25
0.17 595.64
-0.49 600.36
-8.91 599.28
-11.37 594.92
-23.42 597.22
-26.48 591.26
-50.19 600.8
-38.0 639.44
-74.11 654.24
-74.4 663.32
-96.25 663.38
-98.49 693.51
-111.68 696.43
-118.88 665.73
-106.76 658.83
-104.32 661.64
-91.56 654.41
-113.55 613.08
-151.75 633.24
-145.02 652.26
-151.31 654.77
-134.62 698.42
-170.08 716.47
-180.79 699.11
-144.54 675.56
-164.48 641.75
-128.85 619.39
-115.35 633.63
-146.76 665.67
-144.45 673.27
-153.1 679.23
-133.86 712.47
-96.56 696.03
-84.89 716.98
-105.07 729.64
-125.76 698.68
-157.97 714.79
-166.61 703.07
-134.31 678.61
-107.0 713.64
-118.38 726.27
-115.9 730.48
-153.07 753.45
-161.99 740.55
-192.89 755.96
-215.79 717.65
-239.62 730.73
-245.81 722.17
-253.42 726.47
-262.2 718.94
-288.44 747.38
-314.92 726.15
-311.66 718.34
-303.83 720.74
-300.48 726.5
-279.99 719.49
-287.65 692.85
-242.58 679.88
