76 96
26 15
11.17 21.4
18.8 48.97
33.79 45.98
45.8 87.91
65.94 84.14
69.44 84.61
68.1 109.56
29.44 109.45
28.89 107.3
52.97 100.18
66.23 132.45
65.14 132.9
74.53 166.73
32.64 179.12
40.84 212.85
53.15 212.91
54.77 191.5
43.74 190.6
43.52 182.08
91.77 177.74
96.37 189.88
124.36 179.52
137.82 214.17
109.26 225.62
102.72 214.35
125.69 197.08
113.94 177.64
117.7 171.08
82.99 147.28
106.84 111.37
134.62 128.34
133.62 135.7
85.89 130.55
77.56 169.21
69.3 168.19
59.41 210.2
25.0 207.19
24.16 160.2
64.13 156.48
66.0 149.34
95.54 154.8
96.13 175.45
120.11 177.69
118.05 211.0
141.69 212.77
142.45 240.55
186.56 241.86
187.99 208.05
175.24 203.0
167.49 214.25
165.96 214.42
162.13 216.23
140.81 176.95
133.06 179.62
132.28 187.82
96.28 187.98
95.12 182.61
123.36 174.86
119.19 153.82
155.59 144.12
169.47 176.89
141.11 189.11
146.75 202.97
185.25 192.6
179.28 159.21
200.51 151.94
219.26 196.12
211.92 204.59
216.6 212.42
236.07 202.58
221.45 171.2
241.42 157.44
221.99 122.31
260.03 98.55
284.86 133.51
304.14 122.57
306.93 123.33
308.36 135.79
316.81 137.27
325.48 100.6
365.67 107.55
368.8 107.13
366.46 79.2
335.04 81.43
337.96 130.33
383.94 132.09
383.03 171.74
408.84 176.86
417.51 138.14
410.62 131.54
386.15 155.5
405.36 176.74
398.07 188.99
417.29 204.94
433.17 190.27
402.83 151.59
375.13 169.75
380.78 181.94
339.57 203.23
352.28 233.66
373.5 228.56
377.88 245.21
377.01 249.02
415.48 262.8
411.01 278.49
449.95 290.99
440.95 328.24
431.61 330.15
417.33 284.66
445.17 273.26
460.02 304.34
465.44 305.82
456.03 351.55
424.98 349.2
426.83 317.22
430.5 316.17
420.95 274.99
394.25 278.91
394.88 316.12
392.08 318.74
401.4 331.3
386.47 347.35
412.56 374.54
434.61 354.21
411.45 326.2
378.78 347.33
350.68 307.16
371.08 289.87
381.38 300.76
356.4 328.32
388.12 362.37
402.77 355.27
397.49 334.62
437.78 319.49
432.87 295.67
430.2 293.82
427.28 292.26
412.17 310.55
419.14 319.31
449.48 298.48
474.75 329.11
488.03 319.82
478.87 305.3
479.76 304.21
467.51 290.01
462.76 290.37
457.56 249.09
444.72 245.91
442.37 236.35
481.05 224.79
477.59 211.63
482.17 208.2
472.45 187.45
504.4 170.78
527.26 206.83
509.44 223.83
535.01 257.5
515.09 275.14
512.22 272.57
534.27 240.7
504.06 218.49
487.0 233.39
472.84 222.31
482.01 209.23
521.18 234.29
549.11 199.85
540.16 187.82
509.7 209.8
526.94 238.31
494.54 263.47
521.19 304.51
516.64 310.17
529.97 324.64
496.6 361.83
506.64 371.1
475.88 408.2
445.23 383.34
454.42 367.61
415.1 340.86
407.94 348.12
399.29 345.65
398.4 345.23
383.23 367.66
398.86 380.96
410.97 370.7
429.01 385.15
403.66 421.48
379.24 406.98
387.71 389.77
423.37 405.4
427.33 399.52
434.96 404.16
428.93 416.16
383.17 397.23
361.87 437.84
368.98 444.22
391.67 421.65
400.31 423.33
412.18 386.63
378.94 373.53
385.67 347.34
423.15 352.88
425.78 343.52
451.65 347.95
451.01 377.77
469.02 379.7
474.41 373.21
512.17 398.31
512.84 399.49
528.73 390.99
552.13 432.02
574.02 424.29
583.9 451.84
574.48 457.68
558.75 432.49
533.7 445.82
518.27 424.11
526.43 414.53
515.64 404.65
505.53 412.02
504.48 414.76
491.48 412.65
491.13 396.59
448.09 395.84
445.97 389.11
490.63 374.35
481.33 340.18
478.25 339.23
464.87 368.18
493.13 382.04
499.03 380.0
485.8 335.08
501.93 325.24
525.5 358.77
498.03 380.18
491.5 374.6
474.56 393.82
443.31 369.47
