115 227
61 262
48.5 248.34
36.34 257.94
41.71 266.82
28.71 280.13
47.47 300.64
44.03 304.48
72.17 332.92
107.73 300.83
119.31 311.3
113.34 325.11
74.4 309.74
70.74 309.73
70.44 330.99
116.31 334.96
119.17 309.03
82.57 304.99
80.46 293.75
113.25 283.43
104.9 250.97
132.24 239.05
125.5 221.8
133.57 217.43
128.62 205.45
143.17 198.03
152.44 215.12
178.15 201.94
162.06 166.37
161.59 161.68
120.19 165.03
117.25 173.71
88.07 167.29
81.45 186.0
103.8 194.6
122.08 148.56
77.18 126.77
61.12 155.21
39.72 145.3
42.39 129.1
14.8 119.53
-1.76 156.14
4.86 161.89
32.13 132.96
58.76 152.74
84.65 119.4
53.94 94.06
69.1 72.28
95.28 89.58
77.8 119.95
116.71 146.79
130.86 129.29
145.17 137.51
145.02 139.45
184.97 146.23
182.91 176.3
189.43 179.6
175.9 214.79
173.82 215.42
164.37 192.95
181.72 185.25
182.23 185.1
193.58 212.1
230.13 199.46
222.46 166.12
224.78 162.96
228.33 162.62
229.27 128.46
213.82 125.17
204.43 166.46
