150 147
240 281
234.95 284.6
215.75 261.1
234.42 245.02
265.63 278.81
252.38 297.31
290.26 329.88
321.19 298.22
353.81 328.75
357.77 328.3
360.74 347.75
393.26 346.51
394.96 374.66
345.49 380.57
340.06 372.41
343.73 364.43
348.75 363.61
356.69 383.97
328.6 398.61
306.68 360.21
304.13 357.3
318.51 341.19
316.54 334.9
296.83 337.41
301.16 377.86
345.63 373.83
346.04 343.8
386.01 342.16
388.2 374.47
375.81 375.41
370.64 355.01
334.88 363.86
324.16 330.33
369.83 313.3
376.43 321.69
393.84 313.96
381.37 281.51
368.76 283.43
363.32 272.23
372.75 265.96
364.97 245.55
382.64 237.93
401.5 274.71
398.95 278.0
377.86 263.77
370.72 267.56
371.97 276.59
348.17 281.79
340.23 265.68
327.93 269.54
338.83 306.67
326.56 315.47
304.85 288.16
322.58 268.75
294.52 238.85
260.43 268.94
248.55 260.25
224.39 287.73
225.6 294.01
197.81 303.07
185.44 277.72
150.4 290.35
158.07 318.95
117.4 334.05
107.72 311.23
77.52 321.31
69.95 299.51
56.79 302.47
43.95 257.48
