290 164
290 185
328.47 189.64
332.06 194.38
302.26 219.5
269.72 187.68
289.12 162.03
309.53 176.99
339.06 144.16
360.81 163.02
353.75 174.24
313.33 153.9
324.92 122.16
353.38 131.49
343.9 176.31
376.63 184.15
385.17 157.09
342.89 141.59
343.52 129.66
391.17 130.22
393.36 96.82
433.18 95.66
435.17 137.15
386.32 144.4
384.16 155.27
416.71 161.8
423.38 128.91
459.67 133.11
462.23 150.88
472.25 152.13
481.2 118.44
512.43 123.35
520.35 77.55
516.21 73.61
492.59 92.35
480.62 84.02
463.67 105.52
427.96 78.07
425.85 74.1
451.54 59.19
455.19 60.52
454.2 69.82
412.9 68.3
408.25 103.98
387.3 102.4
381.23 139.72
394.92 145.77
379.08 188.23
394.62 199.27
409.56 184.85
402.49 175.02
370.55 196.52
396.26 235.5
433.84 211.78
441.1 214.81
448.43 205.76
444.84 202.03
467.27 179.57
467.23 172.7
490.2 170.77
492.41 142.26
476.4 136.39
478.92 128.33
434.87 113.49
441.08 90.19
465.85 92.77
474.2 47.87
500.8 51.82
500.76 53.0
478.68 56.33
