134 162
50 276
41.16 275.42
37.0 298.23
26.25 299.24
22.1 277.21
4.41 277.63
4.59 292.53
0.26 294.77
5.54 311.61
9.56 313.62
10.6 312.66
-13.33 280.21
-5.82 269.48
-23.76 252.83
-54.34 282.8
-86.18 256.92
-93.9 260.48
-98.01 254.95
-115.64 262.57
-126.46 244.65
-104.66 228.27
-86.41 245.87
-112.6 277.44
-94.11 298.8
-120.36 324.29
-141.54 306.77
-137.99 295.98
-99.12 304.17
-95.61 301.13
-61.2 336.52
-40.78 319.91
-30.23 329.69
-1.23 301.12
-25.08 271.88
-51.69 293.52
-66.77 281.55
-65.93 276.2
-16.6 284.0
-18.27 312.51
-0.31 315.87
-4.04 339.59
-3.64 339.94
-13.21 354.87
8.04 370.31
19.58 355.51
32.54 364.84
27.85 372.27
51.51 390.9
35.86 417.48
44.37 425.65
51.31 422.44
45.2 406.76
39.42 407.13
40.64 437.86
-7.39 442.7
-11.73 441.38
-2.67 394.31
-0.21 391.57
4.32 390.16
18.49 431.62
30.54 427.92
37.56 448.73
27.27 456.97
55.02 495.12
67.89 490.52
78.93 514.08
71.05 520.67
69.67 525.45
97.55 535.35
