39 277
15 140
-33.22 143.61
-37.02 159.51
-45.51 159.7
-45.81 204.92
-13.51 210.02
-9.4 185.65
-17.78 180.98
-29.86 194.5
-36.36 190.51
-46.09 198.58
-47.62 197.75
-51.6 204.92
-60.13 200.4
-78.46 225.73
-99.48 216.65
-111.92 242.16
-135.11 235.2
-138.0 233.56
-131.46 218.68
-92.49 235.18
-93.42 246.16
-85.58 249.38
-70.93 216.53
-49.39 225.91
-61.11 254.34
-62.54 258.48
-32.5 273.87
-28.02 274.8
-31.97 318.42
-49.07 317.55
-54.4 356.42
-36.83 359.46
-38.96 372.37
-52.51 375.0
-46.98 416.58
-95.66 428.0
-93.38 437.97
-65.23 435.8
-64.29 425.41
-88.93 418.28
-80.31 386.84
-117.34 372.01
-121.53 370.22
-127.0 379.9
-116.57 390.03
-85.92 365.54
-89.0 357.42
-114.84 364.92
-108.54 401.65
-151.35 409.96
-151.46 409.87
-129.72 379.17
-107.76 391.99
-112.92 410.31
-154.28 400.74
-156.71 399.86
-171.82 436.61
-151.98 446.82
-166.41 482.94
-175.48 480.26
-176.33 467.49
-150.59 463.48
-144.47 483.62
-183.62 495.8
-174.47 529.86
-205.43 540.34
-203.93 553.64
-174.43 554.17
