120 191
259 203
263.89 154.64
294.49 157.63
293.97 198.96
322.18 201.91
318.37 247.2
356.53 250.79
359.64 264.5
401.79 258.89
407.1 284.7
376.55 293.42
364.17 256.36
366.23 255.22
386.92 291.51
348.16 316.71
359.5 342.19
395.68 330.11
407.11 360.53
450.84 345.17
465.34 376.92
511.25 359.02
515.68 357.4
527.66 386.08
517.35 394.61
489.27 365.78
480.49 370.59
478.94 373.63
476.38 372.48
458.38 412.22
467.36 417.35
455.75 439.0
437.43 429.47
452.65 398.07
490.08 415.56
470.34 460.7
498.35 473.86
498.42 484.95
504.27 488.08
521.7 457.62
529.25 460.66
529.88 464.48
575.35 459.29
583.36 500.97
621.64 493.61
629.9 525.09
659.99 521.6
666.15 533.21
696.46 519.35
690.1 504.38
705.27 496.09
699.31 484.41
731.24 468.06
750.49 495.91
781.97 479.49
764.12 443.14
760.35 444.53
761.28 452.07
770.95 453.89
773.51 441.53
737.88 430.56
742.5 404.44
734.06 398.45
741.06 384.62
737.01 378.34
727.26 379.72
727.33 389.25
687.96 390.26
685.77 394.26
646.38 378.43
633.9 401.24
632.54 402.78
646.21 415.54
622.0 447.2
581.54 421.71
602.07 384.69
569.38 365.9
556.28 383.67
581.49 407.15
579.29 414.61
615.89 430.11
628.61 411.47
602.97 393.02
626.79 354.56
605.77 336.71
623.15 309.79
617.0 301.64
616.17 297.46
629.47 290.28
608.93 250.76
576.35 265.86
585.29 287.2
588.08 290.72
561.2 314.7
565.61 325.45
567.15 325.21
578.62 369.98
573.07 372.23
584.38 401.41
563.16 411.08
559.46 404.69
544.65 411.45
550.49 435.2
555.18 437.65
566.85 417.09
551.45 405.71
555.78 393.73
562.8 394.66
565.85 388.85
529.63 366.28
539.35 344.13
513.15 330.08
520.79 314.51
519.79 313.62
529.49 297.09
532.14 293.51
514.71 277.22
505.12 285.16
504.59 289.21
525.86 296.34
519.29 329.61
565.45 342.4
577.0 302.19
616.18 310.25
623.0 281.57
655.34 285.94
662.64 251.24
665.63 250.94
668.46 278.81
652.21 282.01
657.47 315.6
684.46 313.1
690.72 360.21
726.17 356.45
726.45 358.81
700.08 363.56
688.15 316.78
715.96 305.7
711.9 282.56
664.08 287.43
662.19 280.13
645.38 281.21
641.04 244.38
637.18 242.84
628.7 252.78
657.3 278.99
665.23 275.84
652.85 234.54
618.76 241.56
623.28 284.21
