176 74
224 131
203.63 150.17
169.68 116.55
190.02 95.94
212.83 112.06
185.97 151.52
192.63 156.64
219.74 121.44
216.8 117.36
243.54 94.73
243.95 89.32
195.14 84.84
192.2 64.08
201.35 57.95
189.91 38.46
188.82 38.36
182.06 61.4
138.54 52.57
142.74 8.73
111.16 0.78
104.61 17.33
141.72 37.21
158.08 11.81
125.89 -9.89
113.62 6.91
128.32 22.31
107.84 45.97
98.38 38.43
65.65 75.62
96.9 105.72
63.15 141.95
46.18 128.67
29.02 143.5
6.42 121.16
-26.14 151.19
-8.34 173.27
-36.99 202.56
-3.65 237.44
4.59 230.72
16.98 242.6
23.01 238.34
15.21 226.25
-11.76 241.11
-16.1 235.36
16.54 204.51
-9.9 169.31
17.16 146.47
36.77 168.84
10.98 193.2
27.78 214.87
39.23 206.34
57.99 225.39
31.92 256.21
38.45 262.91
44.66 261.01
55.18 295.05
78.34 290.28
69.02 242.85
93.91 236.44
94.66 226.49
113.43 226.61
115.95 202.28
81.26 193.7
72.98 207.3
71.5 208.17
77.25 221.92
73.66 226.28
79.23 231.93
62.36 252.76
70.0 264.59
89.25 254.13
72.9 219.65
89.66 210.92
96.89 214.63
87.36 234.33
53.73 220.72
45.9 239.04
77.1 253.71
60.98 289.79
42.0 282.45
29.89 308.11
-16.19 290.65
-32.3 319.17
-77.48 298.53
-89.39 315.04
-82.87 322.08
-46.68 290.59
-14.79 327.14
-47.06 359.4
-32.05 378.98
-26.89 381.32
-23.3 378.26
-37.04 355.52
-3.68 331.25
-11.55 314.19
20.49 298.56
8.26 271.19
-16.77 277.13
-28.0 241.48
-15.38 236.94
-0.07 271.79
2.39 274.66
-14.06 291.67
-1.49 305.99
34.57 276.7
54.41 295.22
74.88 279.98
72.21 272.75
53.77 278.64
63.32 320.4
63.38 324.17
83.81 325.74
85.29 318.44
43.94 309.2
39.05 316.55
31.92 313.89
38.97 293.48
18.82 284.09
28.11 254.58
62.17 261.44
68.06 235.22
80.55 232.97
82.6 218.95
88.44 216.24
113.01 257.96
149.5 242.26
166.58 278.65
172.55 277.47
180.33 292.48
183.09 292.71
185.69 284.9
220.19 294.56
213.72 332.4
215.62 335.85
202.43 345.56
188.28 326.64
189.83 321.6
229.86 330.57
240.95 298.56
196.94 282.66
190.13 298.2
201.93 304.33
212.28 288.19
233.81 300.56
233.36 310.09
219.05 314.36
207.26 284.38
218.66 279.86
202.82 234.12
