75 124
29 275
63.04 288.26
63.95 297.89
23.36 303.73
16.36 267.44
28.97 262.66
22.26 235.08
45.53 228.93
55.12 255.12
20.55 268.53
5.0 229.61
-19.84 235.99
-28.74 218.18
-71.92 236.63
-68.84 249.24
-76.98 254.01
-79.49 253.36
-78.39 238.22
-59.07 239.59
-57.35 283.42
-44.74 286.82
-33.99 260.06
-12.4 263.91
-7.27 256.81
14.15 269.67
0.46 300.77
24.24 315.23
41.87 295.0
41.39 293.03
73.33 284.14
70.85 257.2
62.58 255.78
69.4 206.4
61.76 202.62
58.13 199.77
64.31 184.58
81.68 189.86
96.05 148.87
79.68 138.95
81.19 133.4
44.13 120.7
54.11 90.95
31.04 77.95
18.5 97.35
27.23 103.66
33.05 100.53
48.17 121.41
16.35 150.54
42.54 184.0
74.9 164.88
99.37 200.93
98.67 201.66
131.29 233.83
156.54 210.49
168.48 221.42
194.14 194.72
192.26 189.54
202.68 184.25
184.72 139.79
202.11 131.54
217.98 161.59
245.06 151.15
234.0 119.19
209.6 127.26
197.36 94.06
169.29 100.33
161.34 80.51
153.86 80.12
148.82 121.59
148.49 123.31
137.05 125.46
130.13 92.12
152.49 87.11
164.62 125.42
144.6 136.25
133.14 120.58
94.26 144.54
87.34 135.88
109.94 114.08
82.13 82.14
59.16 99.26
61.57 108.32
17.35 120.14
20.5 148.99
69.53 146.93
69.63 133.06
105.61 130.94
109.1 110.19
115.43 106.27
126.73 118.01
129.57 119.43
134.11 111.67
123.54 105.35
120.62 109.83
153.99 132.77
163.37 124.87
143.04 100.52
119.46 115.03
112.23 111.09
88.13 148.76
87.5 149.47
73.8 141.42
64.29 150.14
93.11 184.59
73.76 205.83
48.72 188.57
39.03 201.25
35.84 204.14
12.25 179.23
30.96 157.72
24.6 147.99
-5.95 167.78
-32.69 135.28
-70.08 164.81
-49.64 198.39
-56.98 202.92
-75.5 176.5
-76.37 171.4
-101.58 173.92
-105.17 151.97
-147.66 156.74
-151.4 139.55
-116.92 129.31
-112.31 136.81
-74.38 117.86
-56.04 147.07
-19.88 125.51
-8.14 145.19
-38.35 166.07
-43.01 161.62
-32.78 144.45
-25.15 144.76
-22.44 112.77
-12.1 111.23
-7.0 130.51
1.56 132.96
3.24 127.91
6.97 126.52
9.42 125.84
8.33 111.49
-3.79 109.42
-15.08 146.26
-1.59 150.48
1.11 151.47
13.95 125.71
-17.58 109.79
-0.72 67.31
-28.43 52.54
-42.92 73.42
