261 80
264 293
236.1 295.98
231.17 287.96
246.62 276.89
270.25 303.78
285.49 294.25
293.9 307.19
333.51 285.14
347.69 308.95
350.2 312.61
318.96 337.84
314.46 337.74
312.83 299.06
329.4 293.62
328.33 284.24
353.44 277.88
359.82 289.57
326.67 311.98
350.47 347.88
325.09 365.93
340.75 393.12
319.23 408.52
325.91 425.03
306.77 434.73
304.92 434.58
298.18 480.98
283.71 479.56
284.38 441.33
283.48 437.63
278.33 434.64
270.26 448.12
273.27 451.05
245.75 479.2
209.74 445.64
199.68 455.0
230.9 489.19
214.56 504.74
186.59 476.02
167.87 491.53
180.43 508.77
161.56 524.17
128.67 487.88
126.36 484.15
109.9 488.97
94.82 448.79
93.84 447.84
83.58 456.75
57.78 433.47
55.7 429.34
46.39 431.02
44.04 434.21
5.94 411.69
17.77 389.08
12.98 381.88
52.73 354.34
36.3 325.58
18.98 334.94
18.79 344.85
61.43 347.5
62.56 359.89
110.62 359.04
113.57 318.41
101.15 315.19
88.15 349.91
106.7 357.85
123.43 331.26
137.47 334.87
133.7 361.84
96.69 358.09
96.18 330.39
80.78 325.73
90.15 288.2
89.55 285.45
119.27 277.76
132.74 312.34
164.42 301.75
157.19 266.53
132.37 270.99
123.97 250.4
77.86 267.56
79.19 283.06
31.76 290.61
38.2 339.94
71.36 338.1
73.75 313.99
94.2 313.84
97.34 278.2
55.05 273.36
56.44 249.08
13.47 246.03
12.89 239.3
11.16 237.32
-14.0 253.38
-23.71 245.44
-28.44 245.09
-32.75 271.93
-78.32 264.66
-76.89 229.12
-73.69 227.83
-64.32 248.89
-107.21 270.22
-89.14 313.12
-121.87 328.59
-137.1 307.25
-156.86 317.24
-139.44 354.22
-163.64 370.47
-151.44 393.91
-111.91 373.83
-108.76 371.12
-126.79 343.18
-167.91 363.79
-151.46 399.36
-190.65 422.64
-211.7 392.02
-203.76 383.83
-200.33 383.98
-197.05 357.35
-162.05 360.01
-157.37 322.34
-196.85 315.74
-200.3 323.29
-215.57 319.32
-227.23 344.44
-217.94 351.52
-205.59 335.5
-218.82 320.51
-207.22 307.58
-207.57 300.76
-242.48 302.37
-247.54 265.54
-206.57 257.62
-206.68 254.72
-173.15 249.91
-173.04 215.67
-206.96 215.37
-208.16 232.17
-257.04 230.08
-261.18 232.23
-267.71 220.42
-283.55 224.0
-297.52 179.09
-328.78 187.97
-336.24 168.68
-301.45 152.59
-312.13 123.17
-267.23 105.01
-268.57 99.54
-310.63 104.9
