42 21
46 292
66.3 295.07
64.22 333.28
92.32 339.57
90.98 355.34
60.74 357.0
59.52 390.59
75.79 393.13
70.61 432.52
70.46 437.47
116.52 441.92
121.83 409.9
97.16 403.84
96.21 397.28
104.48 395.89
103.09 372.14
129.79 366.73
125.78 339.39
112.87 338.18
111.99 344.29
94.86 342.38
96.9 308.31
54.52 304.39
53.14 308.49
74.71 318.74
85.24 300.78
124.15 321.91
107.14 355.42
92.25 351.99
82.64 391.82
90.68 396.5
111.09 366.82
106.0 360.09
123.12 343.5
98.91 316.22
76.82 332.74
47.99 299.72
81.85 265.27
76.06 255.12
68.8 256.36
70.76 277.34
37.76 282.71
37.47 306.03
11.23 309.51
11.81 319.5
-9.74 323.39
-9.3 342.61
-0.93 343.05
2.52 310.64
-34.42 304.03
-32.91 274.25
-13.74 272.75
-14.14 267.63
34.32 260.24
34.65 256.26
70.03 255.2
73.06 260.38
49.89 274.15
43.13 264.71
63.0 245.95
95.49 273.81
83.86 295.02
81.43 297.91
55.52 278.97
63.21 262.55
102.73 277.77
115.38 245.14
136.41 248.72
146.21 200.16
139.58 198.51
141.89 178.53
166.67 177.93
168.3 197.61
205.68 197.61
208.97 188.22
254.6 201.49
262.62 173.96
237.85 162.92
252.23 123.29
211.03 106.21
204.07 114.14
202.99 116.53
237.75 134.03
261.52 94.55
258.31 91.76
230.61 122.29
234.77 127.42
243.75 121.82
265.58 155.89
300.5 134.07
306.58 140.99
290.84 161.16
329.14 193.02
330.56 196.65
311.47 205.06
326.26 245.75
363.71 235.7
370.34 250.2
336.41 266.06
336.87 268.83
356.62 269.04
359.97 313.24
321.71 320.37
319.72 323.91
308.12 322.86
310.63 285.41
266.53 281.9
270.06 232.08
256.92 227.54
252.97 224.34
243.16 234.23
249.33 243.58
241.87 253.99
257.99 271.5
248.06 287.13
251.99 292.49
220.2 319.72
193.25 295.17
180.85 305.16
200.75 332.62
195.48 337.72
201.15 349.48
185.92 358.31
173.08 343.14
150.48 357.54
160.25 372.97
122.71 399.79
92.49 364.66
114.83 341.81
150.27 370.98
133.78 391.29
121.44 383.43
103.3 405.19
121.25 424.18
104.83 442.02
92.83 432.74
102.06 416.28
132.43 432.66
156.07 392.7
183.28 405.69
184.96 413.37
153.58 424.78
161.71 448.66
128.13 464.57
104.21 422.79
61.42 443.41
74.74 476.39
67.59 480.88
76.71 495.73
