93 109
278 226
301.47 197.89
338.66 225.0
363.69 197.98
393.98 219.99
385.89 236.84
372.76 231.55
359.62 255.7
325.8 237.77
314.98 249.34
343.65 277.45
342.88 285.06
368.46 287.78
367.53 332.47
396.8 333.78
396.56 365.25
359.33 366.85
356.96 354.21
329.77 358.69
321.61 333.51
366.74 315.78
383.67 347.95
417.37 330.37
426.99 340.69
402.9 363.87
390.03 351.65
397.86 342.34
372.97 317.18
344.69 341.69
324.04 320.04
304.62 336.66
325.87 365.65
348.37 354.11
354.41 358.59
381.1 326.35
355.97 300.31
361.62 288.09
379.5 295.1
376.63 313.78
410.4 320.65
406.57 343.9
365.29 339.49
368.98 293.67
373.25 292.82
370.06 257.67
398.38 255.04
403.78 271.36
450.38 258.43
450.73 256.5
422.44 246.32
428.46 222.77
438.12 220.98
441.75 234.6
444.96 238.06
468.68 216.61
498.15 244.11
469.2 282.27
498.9 310.28
488.13 323.77
471.08 310.63
478.56 293.48
466.67 284.58
451.29 299.86
474.08 325.83
455.57 346.1
461.77 358.33
478.65 354.77
474.87 313.14
509.17 308.77
506.91 290.2
526.86 287.61
535.11 313.62
496.93 330.65
489.08 322.71
519.49 287.51
535.38 298.15
552.69 278.24
551.96 272.92
560.85 266.97
541.1 235.19
555.03 223.54
563.39 228.62
543.3 265.85
528.13 261.76
520.21 281.65
481.77 268.58
494.31 221.08
539.62 232.4
539.58 235.66
520.28 237.81
517.39 220.42
505.71 218.39
505.8 210.27
498.31 207.63
501.27 192.94
514.41 193.84
516.98 179.55
493.86 172.68
477.62 214.89
488.65 223.7
467.59 254.21
436.78 237.76
426.27 252.27
455.49 277.22
481.33 252.8
457.74 225.44
463.54 219.16
493.9 247.19
509.01 235.32
527.52 251.81
517.82 270.07
472.78 251.0
452.57 291.15
455.04 292.82
441.55 318.1
434.31 314.76
431.78 309.19
396.56 322.87
408.1 358.4
448.47 348.69
441.24 301.41
434.87 299.15
433.38 298.95
426.58 347.28
469.4 356.01
474.23 337.67
469.22 332.6
484.46 310.97
447.13 283.08
