165 104
11 297
-30.57 268.95
-14.13 241.16
-28.31 227.69
-21.23 215.29
-12.49 219.46
-1.55 201.33
-34.87 179.44
-65.43 217.08
-91.9 198.48
-86.72 184.07
-117.11 173.11
-131.28 202.17
-117.46 211.02
-138.44 243.99
-179.93 223.43
-180.52 213.61
-202.46 212.81
-203.91 163.94
-210.19 160.71
-228.68 194.17
-197.66 217.0
-211.45 238.91
-179.21 261.69
-170.63 249.69
-194.55 228.05
-175.21 200.34
-193.12 182.97
-204.43 188.62
-209.41 182.73
-222.38 191.95
-247.24 161.7
-217.19 135.0
-199.05 150.24
-192.93 147.24
-192.69 139.57
-202.71 134.95
-212.11 153.8
-204.27 159.0
-200.76 159.8
-189.99 128.43
-225.16 114.43
-238.56 142.51
-270.0 130.11
-273.91 137.35
-235.77 160.45
-234.24 161.55
-213.36 139.77
-235.5 116.9
-254.75 130.35
-284.11 91.81
-277.58 80.97
-273.77 80.19
-266.23 100.09
-225.55 88.29
-216.1 119.67
-180.65 113.34
-176.44 125.58
-183.53 131.02
-173.45 149.09
-201.16 166.86
-228.36 133.31
-228.25 127.61
-269.3 125.3
-270.28 134.54
-268.94 134.81
-266.63 136.19
-239.9 97.0
-266.52 75.02
-292.93 102.01
-326.36 71.88
-303.23 38.92
-305.8 32.3
-276.57 17.08
-279.76 9.34
-264.06 0.91
-258.96 5.14
-280.14 37.36
-289.42 37.16
-290.73 83.2
-242.49 89.52
-238.79 82.6
-210.8 92.42
-204.35 82.32
-189.35 87.08
-195.22 120.29
-186.21 125.47
-176.72 113.38
-152.41 127.75
-162.22 152.95
-133.0 164.33
-123.68 145.88
-124.21 144.01
-106.64 137.85
-101.84 136.87
-109.71 92.67
-103.6 87.31
-113.63 73.96
-120.93 75.45
-116.65 112.17
-74.63 108.1
-77.39 61.47
-90.22 58.93
-87.79 32.63
-98.62 29.9
-109.29 69.97
-72.46 84.55
-77.57 100.72
-79.65 101.42
-86.07 84.2
-80.66 77.61
-55.13 96.91
-60.58 106.02
-91.57 90.49
-95.75 92.57
-103.12 77.96
-129.5 86.99
-125.84 110.38
-93.79 108.83
-92.21 115.77
-102.33 118.91
-101.45 130.01
-106.32 134.78
-121.91 123.1
-132.13 135.12
-167.22 105.53
-169.34 101.42
-145.76 83.92
-154.12 71.29
