268 146
212 235
239.03 252.18
240.09 254.52
228.4 260.15
234.47 276.89
226.74 281.78
240.33 311.8
218.34 324.85
210.05 316.71
219.25 300.31
195.56 284.47
190.1 284.73
185.77 259.5
188.76 254.29
209.6 260.58
202.09 289.73
185.46 288.0
187.1 263.18
187.63 262.99
191.57 268.86
191.05 269.49
191.98 271.37
183.55 276.96
167.18 256.26
158.33 262.18
139.37 234.28
127.13 236.78
132.89 275.08
142.68 274.9
148.46 323.55
155.03 326.99
180.17 286.73
175.6 283.62
171.38 283.08
167.14 311.55
180.25 317.44
172.46 345.21
137.28 337.6
141.08 311.61
165.51 311.98
166.2 341.58
187.19 341.77
188.08 368.89
172.48 371.34
165.09 333.75
121.3 340.14
113.59 308.47
125.8 304.57
133.22 321.59
137.51 324.6
114.66 360.62
130.29 375.06
122.62 389.96
81.3 373.87
83.99 360.38
120.78 363.38
123.01 393.19
111.63 394.05
105.59 360.59
150.69 352.44
155.69 374.32
118.71 386.86
109.44 368.25
73.72 381.4
76.96 399.31
41.74 406.53
38.76 411.97
-4.71 391.57
-24.13 430.91
-38.24 427.28
-48.67 455.63
-95.67 438.69
-95.8 436.63
-116.34 434.54
-119.34 453.9
-120.99 457.58
-107.38 465.36
-83.68 430.08
-48.13 450.77
-59.17 473.88
-30.97 488.59
-7.61 453.4
-44.83 428.51
-61.68 447.17
-42.71 466.75
-33.91 461.15
-24.68 472.34
-19.39 469.29
-16.19 473.5
-36.19 488.97
-66.36 456.39
-47.1 435.43
-63.83 417.75
-90.87 436.55
-109.23 411.01
-85.19 390.88
-55.37 424.72
-23.36 402.77
-48.18 361.99
-45.1 356.18
-22.89 367.44
-3.63 331.29
40.66 352.77
28.02 389.74
28.16 389.91
16.11 401.21
37.44 427.86
8.82 452.36
-15.11 426.91
-14.41 421.66
-1.96 418.76
4.24 429.39
-13.24 442.22
-23.09 431.3
-44.78 449.45
-76.03 413.51
-95.06 426.7
-73.34 465.74
-55.24 457.08
-72.51 411.84
-49.56 402.1
-40.51 414.7
-55.76 430.55
-63.36 426.37
-76.77 448.48
-45.36 468.25
-40.4 466.05
-39.48 466.39
-42.1 486.23
