13 252
177 31
187.25 33.09
192.67 26.06
230.04 50.83
211.27 84.02
245.02 103.99
224.88 140.19
204.12 131.22
190.78 161.27
228.54 180.81
234.19 171.91
202.94 150.72
221.74 120.72
251.81 136.26
265.52 118.48
267.07 117.12
277.12 120.99
273.8 139.95
284.45 146.28
273.03 173.19
292.97 182.29
286.37 197.6
258.15 185.91
245.4 212.72
284.5 236.85
284.5 236.9
248.83 243.79
250.33 267.07
271.85 267.37
276.62 270.02
284.62 261.15
250.2 225.61
260.13 211.72
238.95 190.47
250.22 174.65
224.18 152.46
218.71 152.44
218.15 133.99
253.38 131.08
257.08 140.36
269.43 138.32
271.89 135.45
276.57 137.1
288.41 111.24
247.91 87.32
240.87 91.57
251.75 117.24
296.88 101.08
305.24 114.37
284.81 131.98
264.93 109.56
277.43 97.55
287.78 104.94
290.33 107.15
320.61 72.8
286.3 37.64
262.17 55.25
266.07 67.98
309.87 59.19
309.38 54.44
269.06 55.29
267.26 104.86
268.66 105.92
246.82 135.26
215.08 115.02
235.63 75.26
197.12 54.4
172.54 93.69
173.12 97.35
154.59 105.19
140.21 76.92
140.83 76.18
126.28 58.9
101.59 73.41
115.55 100.39
118.34 104.11
159.9 76.35
142.57 47.99
115.74 63.0
125.22 83.5
132.73 80.29
126.31 57.65
93.49 61.82
90.26 39.81
115.55 31.4
113.12 19.83
122.68 13.69
124.88 12.65
136.99 36.09
119.56 47.24
136.14 81.66
123.11 91.96
129.79 103.21
136.98 100.26
149.52 120.37
138.52 132.94
153.67 150.8
190.83 122.22
172.86 97.3
178.91 90.56
186.34 96.42
198.86 87.7
198.17 80.29
233.18 74.64
236.95 66.68
223.93 55.57
233.47 41.2
265.59 57.82
251.57 95.72
275.4 105.19
258.72 147.88
226.56 139.47
227.1 129.7
212.06 125.51
217.95 87.75
231.08 85.35
237.2 105.89
242.08 107.71
235.67 125.98
225.71 125.71
225.71 115.75
176.78 112.07
172.52 153.0
191.95 156.29
186.63 204.21
161.85 203.05
159.73 230.38
207.62 237.47
212.03 225.18
