159 145
132 127
136.1 112.16
148.0 114.52
160.14 75.61
151.15 67.8
152.23 66.25
194.71 91.56
182.53 113.2
205.85 127.1
207.92 125.95
201.34 111.72
217.46 99.62
247.36 134.18
259.17 128.2
260.74 130.63
293.38 111.53
278.22 79.42
235.2 98.79
245.4 126.42
254.94 122.94
267.49 153.9
224.57 172.22
239.1 214.43
276.81 206.6
286.79 252.18
264.81 258.6
256.33 231.01
270.55 226.27
284.91 255.33
315.22 245.25
303.96 200.22
333.66 192.58
344.52 217.68
319.24 230.22
301.75 199.52
283.52 209.1
289.57 230.53
327.14 223.52
329.29 227.32
358.23 214.55
360.49 209.87
399.53 224.42
412.85 200.67
456.15 221.7
469.28 198.53
512.95 220.97
527.52 193.84
497.83 176.86
484.39 193.15
447.71 166.41
467.77 138.79
472.78 140.2
489.16 93.16
517.75 98.41
518.1 101.75
545.97 99.18
542.29 53.54
524.68 52.47
520.24 68.45
505.19 68.72
504.44 71.04
483.65 65.38
471.53 97.95
485.27 103.7
481.69 123.57
498.04 131.55
517.95 94.32
531.97 96.19
533.92 103.91
573.6 94.67
568.45 66.53
523.32 72.65
517.98 37.5
550.52 30.75
547.63 9.48
576.08 4.13
581.72 27.6
551.4 39.9
543.89 25.96
539.83 23.66
514.09 61.94
550.39 90.02
559.23 86.58
558.77 83.87
561.92 83.27
574.64 128.57
578.15 132.19
602.22 111.91
596.19 99.67
608.06 88.69
579.75 53.58
585.32 44.02
592.4 47.86
576.66 78.33
576.62 79.61
531.52 78.22
531.04 62.9
527.1 58.17
516.21 62.31
501.23 30.23
468.1 45.33
484.16 91.3
487.1 95.53
494.46 91.77
498.14 97.21
461.26 124.18
448.48 107.9
450.31 101.18
440.58 94.93
459.79 57.05
497.62 73.62
515.6 43.07
552.29 61.06
548.22 70.31
583.05 90.16
573.65 114.89
598.25 128.14
596.9 131.56
586.15 130.43
578.92 170.41
614.08 178.97
617.07 186.79
579.4 202.2
574.42 199.97
575.04 189.31
624.23 190.3
627.46 181.82
638.25 184.16
632.75 220.84
