208 205
148 159
117.93 196.83
100.74 188.6
85.08 217.2
125.55 239.54
150.45 204.59
187.01 227.1
167.68 267.15
128.24 252.24
128.02 250.84
165.21 241.46
169.75 245.3
148.52 271.93
177.57 297.67
194.77 281.56
186.86 266.11
191.96 258.3
164.53 240.29
168.41 231.34
164.31 229.11
156.14 237.22
129.04 214.07
143.6 191.91
170.06 203.65
169.27 210.11
191.73 215.95
190.24 225.71
182.92 224.8
185.0 177.8
227.13 179.44
231.17 189.69
248.39 183.86
264.58 227.24
269.42 225.66
270.33 225.51
269.05 190.75
258.22 189.59
258.61 147.55
262.08 146.57
250.38 102.7
233.87 105.26
221.83 56.88
258.2 47.46
258.92 31.27
293.46 29.93
297.43 29.83
299.14 31.39
307.07 26.08
333.42 62.98
311.89 82.9
287.33 61.94
316.31 22.73
299.58 8.1
313.09 -9.19
347.72 15.04
359.12 -0.66
394.85 20.85
376.58 55.19
374.08 56.78
358.45 35.34
316.08 61.89
322.14 79.59
340.18 74.18
329.89 36.42
334.93 30.95
317.06 10.54
291.77 30.98
318.07 66.52
339.22 53.09
339.94 51.45
338.37 46.94
373.93 33.19
386.33 57.37
423.75 38.6
416.96 17.52
457.3 -0.7
443.78 -40.61
485.27 -57.55
482.73 -75.15
465.53 -77.19
463.83 -103.15
463.93 -104.46
426.93 -109.32
421.58 -72.83
421.67 -69.53
442.43 -65.65
438.35 -35.54
414.52 -35.09
409.31 -49.75
428.46 -57.24
416.96 -95.91
463.04 -112.7
453.66 -151.54
437.41 -150.8
431.7 -180.47
453.34 -188.38
465.6 -167.72
500.96 -185.48
520.2 -149.39
561.76 -168.22
573.21 -146.03
561.59 -135.59
535.77 -160.96
517.59 -146.66
546.32 -106.09
513.81 -76.99
526.65 -56.48
514.3 -47.68
519.85 -39.34
520.87 -37.55
512.25 -32.59
508.93 -36.57
473.23 -10.83
461.67 -25.41
469.68 -32.63
462.45 -47.71
483.8 -63.03
481.41 -69.13
435.04 -56.08
437.28 -41.26
433.36 -36.77
415.62 -49.91
399.67 -30.69
375.08 -46.0
361.63 -28.08
363.15 -20.88
331.87 -12.81
323.2 -27.69
301.15 -19.05
311.47 8.82
336.14 3.34
337.28 2.16
318.77 -18.66
315.96 -16.68
321.99 -2.11
330.44 -2.14
331.33 44.74
379.27 46.09
382.19 48.73
384.34 48.96
392.61 13.4
384.34 7.27
359.44 37.59
321.29 7.6
343.58 -27.73
311.2 -49.4
312.07 -53.18
316.22 -57.3
298.89 -77.41
319.1 -95.41
308.82 -111.14
336.08 -132.33
314.46 -163.36
303.12 -157.26
289.44 -176.27
260.07 -160.53
264.96 -141.4
304.81 -147.39
306.89 -160.7
352.04 -154.42
348.97 -119.51
309.92 -119.63
306.69 -152.9
313.79 -155.76
330.05 -123.19
356.71 -132.11
346.6 -166.21
343.26 -168.63
350.01 -184.38
389.16 -168.79
383.25 -140.79
408.64 -131.34
425.48 -162.39
466.95 -144.44
476.55 -161.83
478.57 -163.38
454.93 -195.94
433.87 -184.18
418.44 -208.98
409.8 -207.73
401.7 -251.98
444.17 -262.57
453.65 -230.75
421.79 -218.15
433.86 -182.59
420.12 -174.78
439.32 -134.05
411.42 -119.01
392.59 -151.52
362.95 -139.06
370.03 -120.07
393.49 -126.67
403.52 -103.92
369.55 -84.04
372.55 -74.29
395.24 -76.13
400.54 -70.22
420.71 -85.28
431.42 -73.4
417.45 -58.56
444.4 -30.2
480.82 -62.99
499.11 -48.18
505.92 -53.31
515.46 -48.29
498.11 -14.22
526.12 1.7
548.4 -30.67
543.62 -36.96
546.75 -45.01
539.54 -51.29
539.66 -52.2
519.24 -56.67
517.17 -55.7
513.88 -57.28
501.12 -32.56
474.91 -44.79
470.97 -38.36
477.16 -30.34
