286 84
25 215
42.85 258.38
23.11 270.48
30.98 292.24
16.58 302.64
-6.27 278.33
-30.26 299.59
-43.06 291.76
-66.06 321.76
-80.16 312.38
-70.76 289.49
-66.38 286.5
-37.76 320.25
-31.34 319.66
-31.78 292.62
-57.87 291.13
-59.89 251.14
-14.33 247.28
-7.48 283.04
-12.77 284.7
-5.02 318.57
-25.85 327.2
-13.13 358.35
-12.97 360.36
-28.69 363.08
-32.0 354.81
-9.59 342.28
-0.93 351.88
4.96 347.92
-15.92 313.84
-11.41 310.91
2.82 327.29
17.43 315.68
33.21 332.31
40.91 328.55
46.26 336.76
40.12 345.55
19.6 334.43
29.3 312.4
26.12 306.41
53.17 290.71
39.37 262.86
36.93 260.58
21.01 275.88
31.46 293.81
34.99 294.97
42.26 285.73
61.69 299.5
51.78 320.67
11.89 303.4
-2.17 328.71
-3.95 328.19
3.83 285.21
-13.74 280.93
-25.4 318.18
-42.4 313.0
-60.64 359.3
-47.19 368.97
-19.16 336.8
-38.25 319.22
-46.04 324.96
-61.8 310.12
-71.17 317.38
-60.17 332.5
-37.69 316.17
-34.97 316.1
-32.8 322.34
-13.27 316.37
-10.44 322.98
-43.1 341.79
-39.04 358.21
-32.76 359.48
-34.68 372.08
-63.84 371.47
-68.74 420.9
-116.05 417.78
-114.86 376.65
-101.12 376.61
-97.01 371.99
-119.08 350.36
-109.98 336.0
-109.38 330.67
-121.44 328.62
-127.95 355.15
-120.17 360.48
-117.43 364.75
-86.07 350.31
-69.01 385.11
-56.34 380.06
-66.62 348.09
-108.85 359.24
-111.92 353.35
-92.43 339.24
-110.93 310.88
-144.04 330.53
-169.39 296.63
-207.66 320.2
-196.19 343.99
-219.35 360.42
-241.07 333.91
-278.53 362.42
-283.83 360.06
-294.48 374.51
-330.15 351.28
-318.9 332.53
-287.97 350.01
-297.16 369.33
-270.92 386.42
-292.8 422.85
-275.76 433.39
-284.78 456.59
-285.22 457.23
-320.3 436.08
-316.74 425.35
-354.98 410.68
-356.71 403.71
-323.58 392.49
-311.24 422.34
-293.06 416.36
-285.2 431.83
-245.14 412.09
-227.58 441.23
-253.04 461.37
-269.73 440.38
-245.26 419.57
-223.38 442.67
-246.2 470.21
-212.5 500.09
-221.46 513.63
-260.53 493.38
-242.89 457.64
-200.17 478.3
-203.23 494.73
-212.08 498.12
-217.65 487.25
-186.1 466.94
-195.91 442.5
-236.8 455.24
-231.92 478.96
-222.86 479.88
-222.97 524.2
-226.62 526.98
-254.07 494.36
-220.08 465.24
-194.55 489.22
-164.8 458.75
-171.93 445.84
-191.2 455.7
-211.13 422.6
-189.63 409.54
-172.25 435.77
-193.79 453.18
-200.49 446.19
-226.79 466.2
-216.71 486.03
-224.86 491.18
-232.97 480.51
-250.21 491.74
-268.21 468.09
-307.1 493.67
-327.33 463.47
-328.51 459.4
-305.16 450.85
-298.08 458.63
-301.24 466.08
-266.62 482.57
-272.67 502.18
-238.38 517.9
-249.35 549.6
-280.68 542.38
-281.49 538.34
-294.83 537.74
-294.91 490.3
-327.25 490.08
-330.86 455.1
-285.31 449.12
-277.0 493.31
-251.94 490.31
-252.05 462.35
-205.32 458.28
-204.53 440.17
-242.22 438.13
-244.99 461.84
-283.25 459.22
-286.55 447.37
-311.15 449.31
-316.97 418.16
-357.37 424.82
-355.07 462.88
-391.24 466.8
-389.52 513.65
-422.21 515.52
-425.58 476.57
-396.5 473.41
-395.09 469.68
-374.88 472.98
-376.54 487.91
-398.84 489.77
-405.71 466.55
-440.14 475.49
-431.32 520.97
-413.27 520.6
-410.22 510.48
-415.02 505.79
-416.88 502.21
-372.97 478.93
-349.25 516.35
-318.92 499.39
-328.17 482.68
-311.46 471.91
-298.44 486.63
-321.72 507.24
-295.39 539.99
-307.39 550.85
-283.19 581.04
-265.2 567.93
-281.66 545.27
-248.4 515.03
-245.81 511.19
