142 121
278 249
285.23 248.55
287.77 273.82
317.86 275.27
319.83 242.83
308.27 239.14
297.14 268.7
301.41 275.31
339.34 256.4
358.92 285.47
392.07 267.83
391.57 264.67
424.0 255.23
423.51 239.82
390.12 237.09
388.46 208.22
413.83 202.18
416.03 203.89
434.57 188.02
411.37 154.67
418.18 148.41
428.61 153.32
424.75 168.07
453.15 177.68
457.96 177.8
458.51 208.67
490.24 208.57
494.5 219.53
463.33 233.68
480.11 275.82
451.14 291.86
460.45 316.04
481.37 310.58
489.35 330.42
472.44 340.56
448.16 302.8
438.16 308.05
449.97 333.56
481.34 320.46
494.75 340.44
518.82 326.81
506.41 295.58
522.2 284.97
518.77 279.33
546.17 260.93
538.01 244.68
506.19 257.38
500.61 247.76
506.7 241.67
504.28 236.56
499.38 235.15
487.5 259.95
457.63 248.53
446.9 267.49
480.29 287.27
463.71 322.89
475.83 329.86
468.19 348.58
464.14 348.2
463.59 332.33
430.15 333.07
429.44 307.37
448.07 305.6
450.21 326.97
459.53 328.0
465.07 311.49
421.31 292.53
428.4 275.94
406.8 266.54
400.17 275.32
378.55 262.53
376.84 258.16
388.44 250.52
374.26 226.68
407.44 202.82
410.44 200.32
400.46 187.93
410.49 173.86
428.18 182.13
443.55 160.59
434.61 148.79
445.39 139.49
433.95 121.59
409.78 131.13
419.28 164.62
431.43 162.93
433.81 152.24
441.75 150.68
439.26 135.6
462.47 131.2
461.69 124.99
480.56 121.96
482.2 114.35
464.75 108.6
449.57 145.85
443.91 148.27
436.31 135.0
400.35 151.03
393.19 140.22
432.48 112.66
407.17 71.77
417.4 62.98
426.96 69.23
411.9 95.33
377.74 76.13
390.64 44.53
380.58 39.66
368.69 61.6
335.68 44.21
337.49 34.65
371.03 37.45
376.72 15.53
351.44 6.78
354.27 -5.5
324.65 -15.0
331.08 -41.64
345.84 -43.14
348.66 -31.61
366.79 -34.3
366.86 -43.09
353.43 -44.58
347.78 -6.02
363.77 -0.74
378.58 -39.4
333.95 -56.55
345.38 -91.73
335.2 -99.39
325.01 -87.03
347.21 -63.51
363.32 -76.9
348.46 -97.59
329.53 -88.65
339.04 -57.36
339.55 -55.27
378.8 -61.39
381.8 -49.07
396.26 -48.82
400.2 -21.03
413.72 -18.02
412.01 9.45
384.38 11.98
378.74 -13.83
355.02 -11.98
352.59 -11.17
358.89 22.94
335.96 27.93
338.11 55.91
363.09 54.6
367.33 99.2
387.34 99.57
391.61 102.2
410.64 78.1
435.34 95.28
459.39 63.81
491.17 86.97
479.43 108.33
496.87 118.27
510.69 95.06
507.94 93.0
522.87 72.84
498.73 49.8
501.23 41.13
489.33 36.86
469.84 82.31
424.38 64.32
410.83 89.73
367.87 67.98
378.63 35.95
363.71 26.1
351.74 44.08
331.74 35.07
321.07 46.94
329.16 54.28
328.4 60.21
319.83 62.27
306.89 23.36
262.32 36.12
253.7 14.18
260.89 7.96
238.29 -20.72
211.71 -3.82
210.3 3.14
176.68 1.36
176.92 -28.65
127.6 -29.96
125.64 -60.65
125.42 -63.99
154.51 -66.95
156.51 -52.97
152.35 -49.31
151.11 -49.37
151.27 -53.91
119.38 -56.35
112.63 -27.0
146.7 -17.48
160.71 -52.7
155.0 -56.21
160.41 -71.46
151.02 -78.95
164.08 -97.05
156.81 -104.99
135.7 -89.36
162.95 -52.42
161.93 -48.73
189.59 -39.47
203.65 -72.78
223.97 -69.55
230.59 -93.99
190.49 -109.89
184.39 -95.78
192.19 -87.85
188.24 -82.25
207.05 -65.84
207.8 -65.41
205.47 -59.68
162.22 -77.27
152.69 -66.3
117.67 -90.72
105.35 -73.29
