79 31
121 245
81.47 255.41
87.81 297.83
102.09 298.07
106.7 270.8
110.39 269.15
117.87 279.73
111.25 287.71
84.48 269.86
89.61 257.62
115.15 264.54
111.65 289.93
75.33 287.27
72.79 254.15
63.6 252.98
55.27 292.18
12.46 284.78
9.15 284.53
9.39 280.2
-7.39 277.16
-12.41 301.93
-5.93 306.08
-5.01 311.22
21.84 308.6
26.06 317.41
12.95 325.77
33.27 359.96
8.87 377.64
17.29 394.43
20.82 397.94
1.1 421.71
34.67 456.01
65.03 431.28
87.38 456.41
61.41 483.89
76.21 502.48
73.12 505.12
88.42 524.35
69.36 539.61
68.62 545.39
74.54 549.67
96.34 527.09
81.67 512.2
88.52 500.25
75.35 487.64
67.68 491.95
69.86 501.96
80.68 504.54
74.37 539.69
113.07 550.97
113.03 560.98
83.58 561.0
83.54 565.79
111.01 567.8
110.99 573.02
63.36 576.97
65.06 615.22
35.29 617.81
31.94 629.95
14.11 629.79
11.19 651.79
-15.99 650.2
-15.43 617.58
-40.87 613.81
-36.43 578.89
-22.0 578.38
-20.72 581.93
-65.83 599.76
-72.34 589.22
-46.25 567.39
-56.91 550.79
-20.36 524.48
-5.76 537.62
9.28 521.08
-2.72 507.33
-24.54 525.74
-5.17 550.31
22.45 532.64
30.3 536.89
31.55 537.39
20.49 571.78
53.36 584.55
63.07 569.65
55.78 561.83
57.37 559.19
53.73 553.0
31.97 563.03
31.84 567.65
21.12 572.05
31.55 605.12
71.05 596.91
82.37 633.54
67.54 642.41
43.76 607.8
7.81 631.09
7.07 632.29
-12.08 622.75
-2.27 598.87
1.79 599.74
-7.49 647.43
-44.43 643.78
-46.11 611.23
-18.44 605.78
-24.77 567.34
-73.8 575.4
-73.05 590.45
-49.76 591.5
-47.04 608.92
-70.37 613.1
-77.99 595.9
-80.04 592.96
-104.83 605.07
-119.11 581.95
-154.66 603.3
-177.19 569.34
-170.37 564.73
-180.19 545.34
-161.34 530.2
-167.29 519.96
-128.21 492.29
-123.72 498.29
-108.92 487.91
-119.09 468.46
-141.8 476.18
-152.69 454.56
-173.65 465.07
-193.73 430.38
-190.18 425.03
-148.09 450.36
-142.52 449.97
-140.31 435.14
-187.1 426.49
-188.2 414.96
-236.27 417.37
-238.77 465.05
-241.35 467.86
-250.36 462.31
-232.9 424.75
-205.23 433.13
-196.1 411.09
-197.2 407.13
-216.28 409.11
-214.96 446.1
-172.3 445.21
-170.38 408.69
-140.43 407.76
-139.12 428.16
-153.67 429.92
-157.39 412.18
-128.23 402.48
-127.92 392.7
-175.28 387.37
-178.27 375.97
-220.66 384.69
-219.97 403.36
-189.67 405.13
-190.63 432.97
-221.27 433.41
-221.65 428.55
-239.47 427.75
-240.37 396.71
-197.55 391.81
-196.79 375.72
-189.75 372.81
-188.34 370.58
-220.25 349.21
-240.39 378.54
-262.73 365.43
-264.52 364.56
-245.85 321.83
-285.38 304.1
-288.11 300.1
-310.4 313.11
-298.01 342.29
-335.89 363.26
-316.94 403.99
-319.83 405.92
-325.51 399.47
-316.58 387.16
-294.69 400.85
-288.81 396.1
-295.78 386.45
-284.78 376.53
-314.79 342.28
-345.75 364.35
-378.09 326.49
-388.55 329.42
-380.24 374.76
-387.76 379.22
-374.18 408.71
-376.83 413.94
-406.99 403.95
-396.64 366.38
-432.27 353.6
-430.84 349.28
-433.01 347.45
-438.48 346.2
-440.43 348.24
-463.11 327.89
-446.57 303.18
-418.79 319.98
-410.65 315.45
-387.64 353.64
-379.11 351.8
-383.43 308.42
-376.74 307.11
-369.78 342.15
-381.27 344.71
-384.61 350.08
-354.83 370.34
-377.15 407.06
-345.32 428.22
-335.39 416.65
-304.47 441.81
-313.7 458.65
-344.7 442.34
-349.94 444.01
-348.95 456.09
-384.36 462.3
