57 258
54 205
59.06 201.05
43.45 180.75
20.79 194.56
28.0 210.34
53.75 200.98
67.78 231.37
104.46 219.81
115.88 246.54
131.55 243.26
133.15 248.78
87.74 262.97
96.67 298.45
145.64 288.62
139.14 244.9
186.54 237.85
182.8 188.88
224.49 181.57
231.16 210.66
207.1 219.63
200.02 211.58
224.39 188.0
215.24 174.91
224.47 164.94
227.96 167.66
203.45 205.43
181.41 192.62
184.15 183.47
201.91 184.8
208.29 137.04
172.05 130.82
168.82 132.28
161.46 119.81
193.4 95.73
218.55 121.47
222.85 118.36
231.93 122.51
239.3 109.39
255.31 116.89
273.75 88.88
294.73 99.66
306.73 81.34
298.16 73.34
263.04 104.77
240.84 82.81
207.18 113.99
215.45 127.52
219.82 126.53
231.17 165.15
226.6 169.24
237.95 185.22
274.04 159.97
282.83 167.77
260.27 196.81
267.66 208.63
245.12 223.28
263.57 257.86
263.84 258.87
223.66 271.37
224.97 291.05
175.37 296.57
173.86 316.73
158.21 320.02
162.96 354.48
131.42 361.13
139.61 408.86
147.59 410.6
161.19 367.71
130.21 356.57
137.48 334.98
147.16 336.36
152.12 331.53
171.82 349.33
173.89 349.18
179.4 359.57
148.14 376.28
160.84 402.34
203.47 381.83
207.21 388.9
221.37 383.01
208.01 349.56
228.47 336.07
235.51 343.99
205.4 373.64
236.61 406.32
266.17 381.93
270.34 381.28
268.33 365.41
229.76 368.28
228.76 376.29
269.09 384.44
270.99 386.0
299.18 354.46
284.02 340.88
289.99 328.7
248.56 303.71
251.08 291.84
214.08 283.75
207.98 307.73
238.86 316.28
254.24 273.13
229.71 259.88
209.41 293.47
169.29 273.67
150.5 305.43
180.28 327.56
195.5 309.75
207.35 317.61
199.26 332.48
235.71 354.6
217.39 394.13
207.95 393.25
207.46 363.64
191.51 359.84
185.45 373.41
220.81 391.65
217.05 400.07
255.08 419.26
249.39 439.3
277.05 451.57
269.24 479.61
272.06 485.07
302.84 469.8
328.45 511.37
329.13 511.46
330.67 517.83
338.07 516.22
332.9 483.05
326.71 479.68
332.07 467.62
301.88 449.36
319.71 415.0
320.4 410.14
364.14 413.68
366.51 396.85
396.88 400.02
400.14 370.35
438.76 370.56
443.16 389.55
403.03 402.11
405.22 413.01
380.16 421.5
380.11 429.06
389.62 430.9
398.44 396.12
422.47 398.09
423.12 399.76
453.05 389.05
458.46 396.0
485.33 380.65
490.59 382.41
489.51 393.55
537.31 403.16
536.74 409.9
497.19 408.43
492.44 423.49
463.36 418.46
467.44 385.62
420.25 374.83
423.49 348.56
434.67 347.92
439.24 361.54
448.73 360.36
452.14 349.28
431.13 340.57
419.27 364.04
450.55 384.69
471.95 358.96
493.02 371.27
500.42 360.0
510.48 361.62
508.08 397.98
526.91 400.12
532.32 387.68
541.44 389.69
540.67 397.09
521.58 399.12
519.29 401.36
508.84 394.87
502.03 401.38
494.74 398.14
507.21 362.92
522.42 363.62
524.05 348.08
500.02 342.99
488.07 384.26
449.32 375.05
436.33 409.73
416.07 406.09
412.02 409.65
418.27 420.66
397.94 434.65
401.01 444.89
422.82 441.18
425.91 457.15
439.14 454.7
451.78 502.3
414.33 512.96
415.56 531.95
460.93 531.01
462.54 512.91
426.76 508.15
418.98 543.63
391.72 538.74
393.59 501.54
378.97 500.42
373.09 530.9
368.86 530.39
365.78 526.69
398.98 494.24
378.64 467.35
382.19 458.74
373.77 453.2
367.05 459.09
362.31 461.03
377.46 504.31
368.25 512.62
344.53 487.21
348.26 480.91
