S: 29 51, K: 1 29 51
S: 29 51, K: 2 29 51
S: 29 51, K: 3 29 51
S: 3 29, K: 3 29 52
S: 3 52, K: 3 30 52
S: 3 30, K: 3 30 53
S: 3 30, K: 3 30 54
S: 3 30, K: 3 30 55
S: 3 55, K: 3 31 55
S: 3 55, K: 3 32 55
S: 3 32, K: 3 32 56
S: 3 32, K: 3 32 57
S: 3 57, K: 3 33 57
S: 33 57, K: 4 33 57
S: 4 57, K: 4 34 57
S: 4 34, K: 4 34 58
S: 34 58, K: 5 34 58
S: 34 58, K: 6 34 58
S: 34 58, K: 7 34 58
S: 34 58, K: 8 34 58
S: 8 58, K: 8 35 58
S: 8 35, K: 8 35 59
S: 8 59, K: 8 36 59
S: 36 59, K: 9 36 59
S: 36 59, K: 10 36 59
S: 36 59, K: 11 36 59
S: 11 59, K: 11 37 59
S: 37 59, K: 12 37 59
S: 12 59, K: 12 38 59
S: 12 38, K: 12 38 60
S: 38 60, K: 13 38 60
S: 13 38, K: 13 38 61
S: 38 61, K: 14 38 61
S: 14 38, K: 14 38 62
S: 14 62, K: 14 39 62
S: 39 62, K: 15 39 62
S: 39 62, K: 16 39 62
S: 39 62, K: 17 39 62
S: 17 39, K: 17 39 63
S: 17 63, K: 17 40 63
S: 17 40, K: 17 40 64
S: 17 64, K: 17 41 64
S: 17 41, K: 17 41 65
S: 41 65, K: 18 41 65
S: 18 41, K: 18 41 66
S: 41 66, K: 19 41 66
S: 19 66, K: 19 42 66
S: 19 42, K: 19 42 67
S: 19 67, K: 19 43 67
S: 19 43, K: 19 43 68
S: 43 68, K: 20 43 68
S: 43 68, K: 21 43 68
S: 43 68, K: 22 43 68
S: 22 68, K: 22 44 68
S: 22 44, K: 22 44 69
S: 22 69, K: 22 45 69
S: 22 69, K: 22 46 69
S: 22 46, K: 22 46 70
S: 22 70, K: 22 47 70
S: 22 70, K: 22 48 70
S: 48 70, K: 23 48 70
S: 23 48, K: 23 48 71
S: 48 71, K: 24 48 71
S: 48 71, K: 25 48 71
S: 48 71, K: 26 48 71
S: 26 48, K: 26 48 72
S: 26 48, K: 26 48 73
S: 26 73, K: 26 49 73
S: 26 73, K: 26 50 73
S: 26 50, K: 26 50 74
S: 50 74, K: 27 50 74
S: 27 50, K: 27 50 75
S: 50 75, K: 28 50 75
S: 28 75, K: 28 51 75
S: 28 51, K: 28 51 76
S: 51 76, K: 29 51 76
S: 29 76, K: 29 52 76
S: 52 76, K: 30 52 76
S: 52 76, K: 31 52 76
S: 31 52, K: 31 52 77
S: 52 77, K: 32 52 77
S: 52 77, K: 33 52 77
S: 52 77, K: 34 52 77
S: 34 77, K: 34 53 77
S: 34 77, K: 34 54 77
S: 34 54, K: 34 54 78
S: 34 78, K: 34 55 78
S: 55 78, K: 35 55 78
S: 35 55, K: 35 55 79
S: 55 79, K: 36 55 79
S: 55 79, K: 37 55 79
S: 37 55, K: 37 55 80
S: 37 80, K: 37 56 80
S: 37 80, K: 37 57 80
S: 57 80, K: 38 57 80
S: 38 80, K: 38 58 80
S: 38 58, K: 38 58 81
S: 38 58, K: 38 58 82
S: 58 82, K: 39 58 82
S: 58 82, K: 40 58 82
S: 40 58, K: 40 58 83
S: 40 58, K: 40 58 84
S: 58 84, K: 41 58 84
S: 41 84, K: 41 59 84
S: 59 84, K: 42 59 84
S: 59 84, K: 43 59 84
S: 43 59, K: 43 59 85
S: 43 85, K: 43 60 85
S: 43 60, K: 43 60 86
S: 43 60, K: 43 60 87
S: 43 87, K: 43 61 87
S: 43 61, K: 43 61 88
S: 43 61, K: 43 61 89
S: 43 61, K: 43 61 90
S: 61 90, K: 44 61 90
S: 44 61, K: 44 61 91
S: 44 91, K: 44 62 91
S: 44 91, K: 44 63 91
S: 44 91, K: 44 64 91
S: 44 64, K: 44 64 92
S: 44 92, K: 44 65 92
S: 44 92, K: 44 66 92
S: 44 66, K: 44 66 93
S: 44 93, K: 44 67 93
S: 44 67, K: 44 67 94
S: 44 94, K: 44 68 94
S: 44 68, K: 44 68 95
S: 44 68, K: 44 68 96
S: 44 68, K: 44 68 97
S: 44 68, K: 44 68 98
S: 68 98, K: 45 68 98
S: 45 98, K: 45 69 98
S: 45 98, K: 45 70 98
S: 70 98, K: 46 70 98
S: 70 98, K: 47 70 98
S: 47 70, K: 47 70 99
S: 70 99, K: 48 70 99
S: 48 99, K: 48 71 99
S: 48 99, K: 48 72 99
S: 72 99, K: 49 72 99
S: 49 99, K: 49 73 99
S: 49 73, K: 49 73 100
S: 49 73, K: 49 73 101
S: 73 101, K: 50 73 101
S: 73 101, K: 51 73 101
S: 51 101, K: 51 74 101
S: 51 101, K: 51 75 101
S: 51 101, K: 51 76 101
S: 51 101, K: 51 77 101
S: 51 77, K: 51 77 102
S: 77 102, K: 52 77 102
S: 77 102, K: 53 77 102
S: 53 102, K: 53 78 102
S: 78 102, K: 54 78 102
S: 54 102, K: 54 79 102
S: 79 102, K: 55 79 102
S: 79 102, K: 56 79 102
S: 56 79, K: 56 79 103
S: 56 103, K: 56 80 103
S: 56 80, K: 56 80 104
S: 80 104, K: 57 80 104
S: 57 80, K: 57 80 105
S: 57 80, K: 57 80 106
S: 57 106, K: 57 81 106
S: 57 106, K: 57 82 106
S: 82 106, K: 58 82 106
S: 58 106, K: 58 83 106
S: 58 106, K: 58 84 106
S: 58 106, K: 58 85 106
S: 58 106, K: 58 86 106
S: 86 106, K: 59 86 106
S: 59 106, K: 59 87 106
S: 59 106, K: 59 88 106
S: 88 106, K: 60 88 106
S: 88 106, K: 61 88 106
S: 61 88, K: 61 88 107
S: 61 107, K: 61 89 107
S: 89 107, K: 62 89 107
S: 89 107, K: 63 89 107
S: 63 107, K: 63 90 107
S: 90 107, K: 64 90 107
S: 64 107, K: 64 91 107
S: 64 107, K: 64 92 107
S: 64 92, K: 64 92 108
S: 92 108, K: 65 92 108
S: 65 92, K: 65 92 109
S: 65 109, K: 65 93 109
S: 65 93, K: 65 93 110
S: 65 110, K: 65 94 110
S: 65 110, K: 65 95 110
S: 65 95, K: 65 95 111
S: 65 95, K: 65 95 112
S: 65 95, K: 65 95 113
S: 65 113, K: 65 96 113
S: 96 113, K: 66 96 113
S: 66 96, K: 66 96 114
S: 96 114, K: 67 96 114
S: 67 114, K: 67 97 114
S: 97 114, K: 68 97 114
S: 68 114, K: 68 98 114
S: 68 98, K: 68 98 115
S: 68 115, K: 68 99 115
S: 68 99, K: 68 99 116
S: 68 116, K: 68 100 116
S: 68 116, K: 68 101 116
S: 101 116, K: 69 101 116
S: 69 101, K: 69 101 117
S: 69 117, K: 69 102 117
S: 102 117, K: 70 102 117
S: 70 117, K: 70 103 117
S: 70 103, K: 70 103 118
S: 70 118, K: 70 104 118
S: 104 118, K: 71 104 118
S: 71 118, K: 71 105 118
S: 71 118, K: 71 106 118
S: 106 118, K: 72 106 118
S: 72 118, K: 72 107 118
S: 107 118, K: 73 107 118
S: 73 118, K: 73 108 118
S: 108 118, K: 74 108 118
S: 74 108, K: 74 108 119
S: 74 119, K: 74 109 119
S: 109 119, K: 75 109 119
S: 109 119, K: 76 109 119
S: 76 119, K: 76 110 119
S: 76 119, K: 76 111 119
S: 111 119, K: 77 111 119
S: 111 119, K: 78 111 119
S: 111 119, K: 79 111 119
S: 79 119, K: 79 112 119
S: 112 119, K: 80 112 119
S: 80 119, K: 80 113 119
S: 80 119, K: 80 114 119
S: 114 119, K: 81 114 119
S: 114 119, K: 82 114 119
S: 82 114, K: 82 114 120
S: 114 120, K: 83 114 120
S: 114 120, K: 84 114 120
S: 84 120, K: 84 115 120
S: 115 120, K: 85 115 120
S: 115 120, K: 86 115 120
S: 115 120, K: 87 115 120
S: 87 120, K: 87 116 120
S: 116 120, K: 88 116 120
S: 116 120, K: 89 116 120
S: 89 116, K: 89 116 121
S: 116 121, K: 90 116 121
S: 90 116, K: 90 116 122
S: 90 116, K: 90 116 123
S: 90 123, K: 90 117 123
S: 90 117, K: 90 117 124
S: 117 124, K: 91 117 124
S: 117 124, K: 92 117 124
S: 92 124, K: 92 118 124
S: 92 124, K: 92 119 124
S: 92 124, K: 92 120 124
S: 92 120, K: 92 120 125
S: 120 125, K: 93 120 125
S: 93 125, K: 93 121 125
S: 121 125, K: 94 121 125
S: 94 125, K: 94 122 125
S: 122 125, K: 95 122 125
S: 122 125, K: 96 122 125
S: 96 122, K: 96 122 126
S: 122 126, K: 97 122 126
S: 122 126, K: 98 122 126
S: 98 126, K: 98 123 126
S: 123 126, K: 99 123 126
S: 123 126, K: 100 123 126
S: 100 126, K: 100 124 126
S: 124 126, K: 101 124 126
S: 101 124, K: 101 124 127
S: 101 127, K: 101 125 127
S: 125 127, K: 102 125 127
S: 125 127, K: 103 125 127
S: 103 127, K: 103 126 127
S: 126 127, K: 104 126 127
S: 104 126, K: 104 126 128
S: 126 128, K: 105 126 128
S: 105 126, K: 105 126 129
S: 105 126, K: 105 126 130
S: 126 130, K: 106 126 130
S: 106 130, K: 106 127 130
S: 127 130, K: 107 127 130
S: 107 130, K: 107 128 130
S: 128 130, K: 108 128 130
S: 128 130, K: 109 128 130
S: 109 128, K: 109 128 131
S: 128 131, K: 110 128 131
S: 110 131, K: 110 129 131
S: 129 131, K: 111 129 131
S: 129 131, K: 112 129 131
S: 129 131, K: 113 129 131
S: 113 131, K: 113 130 131
S: 113 130, K: 113 130 132
S: 113 132, K: 113 131 132
S: 113 131, K: 113 131 133
S: 131 133, K: 114 131 133
S: 131 133, K: 115 131 133
S: 115 131, K: 115 131 134
S: 131 134, K: 116 131 134
S: 116 131, K: 116 131 135
S: 116 131, K: 116 131 136
S: 116 131, K: 116 131 137
S: 131 137, K: 117 131 137
S: 131 137, K: 118 131 137
S: 131 137, K: 119 131 137
S: 119 137, K: 119 132 137
S: 132 137, K: 120 132 137
S: 120 132, K: 120 132 138
S: 120 138, K: 120 133 138
S: 120 138, K: 120 134 138
S: 134 138, K: 121 134 138
S: 121 134, K: 121 134 139
S: 121 139, K: 121 135 139
S: 121 139, K: 121 136 139
S: 121 139, K: 121 137 139
S: 121 137, K: 121 137 140
S: 121 140, K: 121 138 140
S: 121 140, K: 121 139 140
S: 121 139, K: 121 139 141
S: 139 141, K: 122 139 141
S: 139 141, K: 123 139 141
S: 139 141, K: 124 139 141
S: 139 141, K: 125 139 141
S: 125 139, K: 125 139 142
S: 125 142, K: 125 140 142
S: 125 140, K: 125 140 143
S: 125 143, K: 125 141 143
S: 141 143, K: 126 141 143
S: 141 143, K: 127 141 143
S: 141 143, K: 128 141 143
S: 128 143, K: 128 142 143
S: 142 143, K: 129 142 143
S: 129 143, K: 129 143 143
S: 129 143, K: 129 143 144
S: 129 143, K: 129 143 145
S: 143 145, K: 130 143 145
S: 130 145, K: 130 144 145
S: 144 145, K: 131 144 145
S: 131 145, K: 131 145 145
S: 145 145, K: 132 145 145
S: 132 145, K: 132 145 146
S: 132 146, K: 132 146 146
S: 146 146, K: 133 146 146
S: 133 146, K: 133 146 147
S: 133 146, K: 133 146 148
S: 133 148, K: 133 147 148
S: 133 147, K: 133 147 149
S: 133 147, K: 133 147 150
S: 133 147, K: 133 147 151
S: 133 147, K: 133 147 152
S: 133 147, K: 133 147 153
S: 133 147, K: 133 147 154
S: 133 154, K: 133 148 154
S: 148 154, K: 134 148 154
S: 134 154, K: 134 149 154
S: 134 149, K: 134 149 155
S: 134 155, K: 134 150 155
S: 134 150, K: 134 150 156
S: 150 156, K: 135 150 156
S: 135 150, K: 135 150 157
S: 135 150, K: 135 150 158
S: 150 158, K: 136 150 158
S: 136 150, K: 136 150 159
S: 150 159, K: 137 150 159
S: 137 159, K: 137 151 159
S: 137 151, K: 137 151 160
S: 137 160, K: 137 152 160
S: 152 160, K: 138 152 160
S: 152 160, K: 139 152 160
S: 152 160, K: 140 152 160
S: 140 160, K: 140 153 160
S: 153 160, K: 141 153 160
S: 153 160, K: 142 153 160
S: 142 153, K: 142 153 161
S: 142 161, K: 142 154 161
S: 142 161, K: 142 155 161
S: 142 155, K: 142 155 162
S: 142 155, K: 142 155 163
S: 142 155, K: 142 155 164
S: 155 164, K: 143 155 164
S: 143 155, K: 143 155 165
S: 143 155, K: 143 155 166
S: 143 155, K: 143 155 167
S: 143 167, K: 143 156 167
S: 143 167, K: 143 157 167
S: 143 167, K: 143 158 167
S: 143 167, K: 143 159 167
S: 159 167, K: 144 159 167
S: 144 159, K: 144 159 168
S: 144 168, K: 144 160 168
S: 160 168, K: 145 160 168
S: 160 168, K: 146 160 168
S: 160 168, K: 147 160 168
S: 160 168, K: 148 160 168
S: 160 168, K: 149 160 168
S: 149 160, K: 149 160 169
S: 149 169, K: 149 161 169
S: 161 169, K: 150 161 169
S: 161 169, K: 151 161 169
S: 151 161, K: 151 161 170
S: 151 170, K: 151 162 170
S: 162 170, K: 152 162 170
S: 152 170, K: 152 163 170
S: 163 170, K: 153 163 170
S: 153 170, K: 153 164 170
S: 153 170, K: 153 165 170
S: 153 170, K: 153 166 170
S: 153 166, K: 153 166 171
S: 166 171, K: 154 166 171
S: 166 171, K: 155 166 171
S: 166 171, K: 156 166 171
S: 156 166, K: 156 166 172
S: 166 172, K: 157 166 172
S: 157 172, K: 157 167 172
S: 157 172, K: 157 168 172
S: 168 172, K: 158 168 172
S: 158 172, K: 158 169 172
S: 169 172, K: 159 169 172
S: 159 172, K: 159 170 172
S: 159 170, K: 159 170 173
S: 159 170, K: 159 170 174
S: 159 174, K: 159 171 174
S: 171 174, K: 160 171 174
S: 171 174, K: 161 171 174
S: 171 174, K: 162 171 174
S: 162 171, K: 162 171 175
S: 171 175, K: 163 171 175
S: 171 175, K: 164 171 175
S: 164 171, K: 164 171 176
S: 164 171, K: 164 171 177
S: 164 177, K: 164 172 177
S: 164 177, K: 164 173 177
S: 164 173, K: 164 173 178
S: 164 173, K: 164 173 179
S: 173 179, K: 165 173 179
S: 173 179, K: 166 173 179
S: 173 179, K: 167 173 179
S: 173 179, K: 168 173 179
S: 173 179, K: 169 173 179
S: 169 179, K: 169 174 179
S: 169 179, K: 169 175 179
S: 169 179, K: 169 176 179
S: 169 179, K: 169 177 179
S: 177 179, K: 170 177 179
S: 177 179, K: 171 177 179
S: 171 177, K: 171 177 180
S: 171 180, K: 171 178 180
S: 171 178, K: 171 178 181
S: 171 181, K: 171 179 181
S: 171 181, K: 171 180 181
S: 171 180, K: 171 180 182
S: 171 182, K: 171 181 182
S: 181 182, K: 172 181 182
S: 172 181, K: 172 181 183
S: 181 183, K: 173 181 183
S: 173 183, K: 173 182 183
S: 173 182, K: 173 182 184
S: 182 184, K: 174 182 184
S: 174 184, K: 174 183 184
S: 174 183, K: 174 183 185
S: 183 185, K: 175 183 185
S: 175 183, K: 175 183 186
S: 183 186, K: 176 183 186
S: 183 186, K: 177 183 186
S: 177 186, K: 177 184 186
S: 184 186, K: 178 184 186
S: 184 186, K: 179 184 186
S: 184 186, K: 180 184 186
S: 180 184, K: 180 184 187
S: 180 184, K: 180 184 188
S: 184 188, K: 181 184 188
S: 181 188, K: 181 185 188
S: 181 188, K: 181 186 188
S: 186 188, K: 182 186 188
S: 182 186, K: 182 186 189
S: 182 189, K: 182 187 189
S: 182 187, K: 182 187 190
S: 187 190, K: 183 187 190
S: 187 190, K: 184 187 190
S: 184 187, K: 184 187 191
S: 187 191, K: 185 187 191
S: 185 191, K: 185 188 191
S: 188 191, K: 186 188 191
S: 186 191, K: 186 189 191
S: 186 189, K: 186 189 192
S: 189 192, K: 187 189 192
S: 187 192, K: 187 190 192
S: 187 190, K: 187 190 193
S: 187 190, K: 187 190 194
S: 187 194, K: 187 191 194
S: 187 194, K: 187 192 194
S: 187 194, K: 187 193 194
S: 187 194, K: 187 194 194
S: 187 194, K: 187 194 195
S: 187 195, K: 187 195 195
S: 195 195, K: 188 195 195
S: 195 195, K: 189 195 195
S: 189 195, K: 189 195 196
S: 195 196, K: 190 195 196
S: 195 196, K: 191 195 196
S: 191 196, K: 191 196 196
S: 191 196, K: 191 196 197
S: 191 197, K: 191 197 197
S: 197 197, K: 192 197 197
S: 197 197, K: 193 197 197
S: 193 197, K: 193 197 198
S: 197 198, K: 194 197 198
S: 194 198, K: 194 198 198
S: 198 198, K: 195 198 198
S: 195 198, K: 195 198 199
S: 198 199, K: 196 198 199
S: 196 198, K: 196 198 200
S: 198 200, K: 197 198 200
S: 197 198, K: 197 198 201
S: 197 201, K: 197 199 201
S: 199 201, K: 198 199 201
S: 198 201, K: 198 200 201
S: 200 201, K: 199 200 201
S: 199 200, K: 199 200 202
S: 200 202, K: 200 200 202
S: 200 202, K: 200 201 202
S: 201 202, K: 201 201 202
S: 201 202, K: 201 202 202
S: 201 202, K: 201 202 203
S: 201 203, K: 201 203 203
S: 201 203, K: 201 203 204
S: 201 204, K: 201 204 204
S: 204 204, K: 202 204 204
S: 202 204, K: 202 204 205
S: 204 205, K: 203 204 205
S: 203 205, K: 203 205 205
S: 203 205, K: 203 205 206
S: 205 206, K: 204 205 206
S: 205 206, K: 205 205 206
S: 205 206, K: 205 206 206
S: 205 206, K: 205 206 207
S: 205 207, K: 205 207 207
S: 207 207, K: 206 207 207
S: 206 207, K: 206 207 208
S: 207 208, K: 207 207 208
S: 207 207, K: 207 207 209
S: 207 209, K: 207 208 209
S: 208 209, K: 208 208 209
S: 208 209, K: 208 209 209
S: 209 209, K: 209 209 209
S: 209 209, K: 209 209 210
S: 209 210, K: 209 210 210
S: 210 210, K: 210 210 210