S: 992 995, K: 1 992 995
S: 992 995, K: 2 992 995
S: 2 995, K: 2 993 995
S: 2 993, K: 2 993 996
S: 2 996, K: 2 994 996
S: 2 994, K: 2 994 997
S: 2 997, K: 2 995 997
S: 995 997, K: 3 995 997
S: 995 997, K: 4 995 997
S: 4 995, K: 4 995 998
S: 4 998, K: 4 996 998
S: 4 998, K: 4 997 998
S: 4 997, K: 4 997 999
S: 4 999, K: 4 998 999
S: 998 999, K: 5 998 999
S: 5 998, K: 5 998 1000
S: 998 1000, K: 6 998 1000
S: 6 1000, K: 6 999 1000
S: 999 1000, K: 7 999 1000
S: 7 1000, K: 7 1000 1000
S: 1000 1000, K: 8 1000 1000
S: 1000 1000, K: 9 1000 1000
S: 1000 1000, K: 10 1000 1000