65 10
89 81
52.86 95.29
54.63 100.84
78.88 94.34
89.41 114.84
63.79 130.59
77.47 158.69
111.2 147.21
116.95 159.4
154.39 145.03
169.98 171.91
154.4 182.99
134.62 163.23
163.84 133.07
176.97 139.39
192.49 109.12
176.4 95.84
174.58 95.3
158.47 132.58
145.66 130.26
152.38 87.28
163.85 88.03
165.39 78.78
131.18 71.87
130.89 70.1
130.85 69.23
111.33 69.21
108.53 31.67
97.18 31.07
93.75 15.73
70.79 20.4
60.89 -12.71
44.28 -8.23
50.25 23.43
39.82 27.08
48.99 54.81
69.97 52.56
76.2 91.96
85.36 90.62
93.59 131.05
64.33 139.63
65.26 147.79
101.82 144.93
99.89 102.86
143.32 99.31
150.29 138.95
141.07 144.56
130.18 128.87
120.2 130.09
