125 108
225 71
215.94 42.84
240.25 30.35
232.05 12.15
253.93 -1.78
269.65 15.71
240.9 41.72
239.85 46.74
281.66 57.3
294.38 25.28
286.2 18.94
267.43 37.04
240.09 14.86
241.06 6.83
281.53 6.98
286.35 20.16
295.47 21.04
301.45 -24.7
276.33 -32.97
270.77 -28.22
264.21 -28.83
262.79 -50.41
215.53 -50.82
214.59 -87.96
237.54 -92.92
240.09 -82.0
200.95 -67.74
210.41 -37.0
229.05 -42.03
238.39 -20.67
228.79 -14.01
204.69 -44.13
241.04 -78.33
233.62 -91.65
230.62 -91.95
230.66 -97.97
261.1 -99.85
265.57 -77.3
270.55 -78.25
275.57 -63.67
298.63 -67.68
306.21 -32.67
340.75 -39.74
340.59 -58.02
298.03 -58.96
297.42 -56.18
252.96 -61.07
251.05 -78.27
209.13 -76.89
