129 65
280 212
314.19 176.99
333.28 191.39
331.19 202.0
378.84 211.78
376.05 231.01
412.49 239.78
420.69 211.32
424.37 211.41
428.44 219.13
396.17 237.32
405.3 261.79
427.17 257.88
436.7 304.16
401.45 314.83
386.16 275.09
403.5 267.14
405.52 266.04
427.79 299.01
425.29 306.13
418.5 309.03
416.71 315.39
422.67 320.42
392.82 357.78
366.13 341.4
378.64 312.94
420.04 326.9
414.82 346.6
383.54 338.8
387.72 303.93
430.3 307.1
430.6 317.93
459.65 319.14
458.12 362.75
409.51 365.83
410.34 394.01
429.7 398.2
424.6 426.44
387.61 420.23
388.94 394.99
378.84 390.52
370.74 402.13
404.11 426.08
419.88 406.82
452.49 430.57
453.08 437.89
441.0 443.18
426.53 410.97
399.26 420.11
