256 72
77 125
87.2 160.23
123.04 152.99
134.04 193.03
87.8 206.91
88.32 221.04
73.43 223.89
73.59 227.49
109.51 230.92
114.91 196.48
120.13 194.71
117.92 177.32
123.55 172.48
136.27 186.64
166.06 163.68
188.23 188.02
195.13 182.34
209.39 194.98
197.65 210.75
198.7 212.85
230.09 200.35
239.3 212.31
204.91 239.27
180.23 214.39
169.15 220.82
162.33 213.33
131.39 236.47
117.94 220.01
149.47 191.74
174.66 216.44
170.75 223.58
132.17 204.42
150.9 164.93
194.75 184.51
198.51 178.92
163.24 149.9
173.34 135.49
193.52 145.09
203.32 135.56
182.09 110.73
211.26 80.97
180.97 46.15
194.72 28.6
189.69 21.22
208.64 2.49
241.52 28.67
240.29 37.56
226.24 36.5
224.44 -5.27
