38 183
177 178
181.24 207.52
141.85 215.21
131.3 186.03
155.51 175.79
143.63 137.07
186.59 122.6
188.52 128.21
173.71 137.95
195.54 177.93
225.49 166.7
217.62 142.78
173.27 154.61
175.37 172.55
173.31 175.16
191.85 193.94
223.2 168.75
234.56 176.11
230.39 191.69
235.32 194.94
240.23 193.86
244.36 208.66
243.1 213.56
265.62 220.43
279.6 175.06
253.6 166.62
263.04 126.58
262.65 125.41
230.86 134.72
237.13 163.65
261.13 159.79
262.94 156.11
282.39 163.72
277.8 180.97
269.27 183.57
281.44 229.87
238.46 242.68
242.09 257.52
262.28 254.3
264.47 241.8
260.38 236.66
269.01 227.91
258.89 215.04
241.36 223.53
222.37 186.94
186.24 200.7
177.63 182.4
215.55 163.83
235.97 205.21
